4.797930, 2.586423, 3.746340, 2.515047
17.646797, 10.090422, 19.994102, 10.608078
-14.332400, 4.660345, -11.011900, 4.834455
16.952160, 1.039492, 16.694340, 1.645508
-13.691681, -8.343618, -13.479619, -9.459362
34.558182, -1.424622, 32.223820, 11.776202
33.520599, -2.502117, 25.473200, -3.890073
-13.066501, 4.751623, -11.815099, 4.915407
-2.019000, 6.658772, -2.990540, 6.576408
0.178992, -3.147253, 14.781802, -0.559215
-13.330821, -10.214501, -14.301979, -5.626798
33.671402, -2.372421, 31.589798, -2.813569
16.632357, -0.452514, 16.073343, 0.715137
19.855400, 4.552886, 21.553902, 4.833824
19.938900, 4.721035, 21.538502, 4.971305
-10.725501, -10.481284, -9.467939, -10.278116
13.608501, 6.170323, 13.161899, 6.092377
33.624302, -2.572626, 31.271999, -2.966913
18.996601, 5.182465, 16.608099, 4.812215
-1.026437, -6.146263, -3.022533, -6.615327
9.247740, 2.154178, 8.930040, 3.697652
14.220998, 6.277198, 18.374500, 7.035322
1.477796, -6.169291, 1.265454, -4.659179
32.953476, 7.980508, 32.683922, 9.205103
32.070522, 11.846703, 32.732777, 8.850337
7.914042, 5.185242, -0.992083, 3.559268
-6.623479, -7.583020, -6.690640, -6.864280
10.880258, 9.104951, 10.800242, 9.276059
15.564802, 6.547133, 10.295698, 5.619327
6.583428, 4.956168, 10.037802, 5.574042
23.443180, 0.789397, 22.705219, 4.673962
4.828459, -5.522784, 6.471991, -5.251526
1.473520, 7.460485, 2.774390, 7.527515
-15.771401, 4.201270, -14.725198, 4.415210
-1.412451, -4.701178, 0.005466, -4.521082
7.651262, 5.135841, 6.347528, 4.882659
-15.271151, -0.558863, -14.498250, -1.907053
22.598400, 11.010784, 19.714699, 10.536117
19.832418, -1.738342, 19.921680, -1.288588
-5.725319, -6.647899, -4.717031, -7.378141
-9.511258, 4.952430, -9.591871, 5.866710
14.818507, -2.761967, 14.238092, -2.995903
24.709482, -1.677112, 24.667316, -1.437729
13.354502, -4.004148, 9.501588, -4.712032
13.768899, -0.795308, 14.867600, -0.677930
22.663000, 4.399666, 21.459599, 4.222924
8.359057, 8.588903, 9.270983, 8.816687
25.751598, -3.916302, 28.886600, -3.351298
8.527565, -5.104663, 8.439955, -4.768427
-10.578333, -10.394806, -10.854967, -9.590554
23.852699, 11.406113, 27.837801, 11.898587
-6.986639, 5.740734, -8.284320, 5.663736
-0.135933, -4.702920, 1.111332, -4.449570
20.130184, -2.567731, 19.533316, 1.169601
13.823301, -0.798397, 9.664039, -1.519213
6.795100, 8.383095, 7.604620, 8.425065
12.494600, 9.329185, 11.498100, 9.274615
9.872582, -1.372431, 9.450547, 1.062111
-15.920785, 4.057091, -15.174715, -0.687597
21.665001, 11.041782, 18.488298, 10.484818
24.114723, 1.263762, 24.320578, 0.353688
-15.047016, 4.101355, -14.243284, 4.626465
30.384699, 11.908609, 31.013000, 11.965791
23.098484, 2.759649, 22.794315, 4.715671
-8.327008, -7.910610, -8.964352, -8.040660
-2.318768, 6.829978, -6.353063, 5.892102
-11.396703, 4.952555, -10.288198, 5.238975
-1.393143, 6.793584, -0.438434, 7.030166
5.788901, -4.962553, 4.782329, -5.089678
-14.190919, -5.672522, -15.064181, -1.066458
-14.964482, -2.025358, -14.600418, -4.016542
34.266483, 0.444033, 33.875015, 3.299381
34.361103, -1.313895, 33.234596, -1.599175
3.032412, 4.339713, -1.093181, 3.614817
-1.192679, 6.634065, -2.162701, 6.487505
18.962301, 5.115660, 18.977098, 3.777640
24.848183, -2.713801, 24.524918, -0.782291
18.367201, 7.179001, 10.080598, 5.611218
18.210300, 9.923294, 16.560200, 10.157785
17.052822, 0.483841, 17.178677, -0.044514
27.047499, 11.619316, 28.130701, 11.793883
18.244898, 3.551325, 20.265402, 4.060536
24.504700, 11.585712, 27.418701, 11.949688
14.784799, -3.801672, 18.442501, -3.123168
8.565411, 8.437195, 7.554079, 8.276595
12.908689, -3.973461, 12.810110, -3.021250
6.731961, 4.986533, 4.746299, 4.652677
23.027494, 11.031228, 23.968304, 11.301272
24.737953, -3.221544, 25.154446, -3.869766
33.823280, 2.411638, 33.434620, 4.518642
24.687719, -0.339509, 24.951181, -1.729642
30.915701, 12.530182, 27.790100, 11.939919
0.242164, 7.134409, 0.125597, 7.372190
19.497862, -0.813875, 19.257738, -1.393938
1.020944, 7.506376, 1.158766, 7.292194
-14.723021, -2.308832, -14.974379, -1.144558
-8.352051, -10.075604, -8.813120, -8.649825
32.293617, 11.696301, 33.625580, 4.593668
14.832502, 4.365525, 13.257298, 3.962025
-0.537571, 1.580501, -0.309484, 0.166509
-6.145580, 5.690966, -8.236500, 5.609874
13.855919, 4.063682, 14.081981, 2.908198
2.396281, 2.259842, -0.533206, 1.721778
-6.406579, 5.637879, -7.618031, 5.508551
-15.626381, 1.578972, -15.385219, 0.321741
15.416088, 1.811229, 15.351912, 2.356040
20.259403, 4.201107, 19.034498, 3.915633
-12.003800, 4.732510, -11.179599, 4.644500
6.013876, 8.207170, 5.934213, 8.372820
14.052912, 9.793273, 12.818789, 9.137707
6.689359, 4.935587, 7.733631, 5.116903
32.865181, 7.831038, 32.350719, 10.331101
1.221390, -4.719830, 0.669644, -4.775120
14.673100, -0.828198, 15.002600, -0.819393
18.791952, 1.355254, 19.136848, 0.769640
29.140198, -3.158905, 30.993603, -2.679785
14.269999, 4.211937, 15.020502, 4.342053
4.234168, -4.713708, 5.001312, -4.546561
15.676882, 10.126443, 15.929818, 9.950977
10.753298, 3.574368, 13.481102, 4.082402
23.199297, 11.158319, 24.636202, 11.440381
2.759873, 7.316356, 4.151546, 7.853684
14.074371, 2.846036, 13.731428, 4.009534
13.307297, -3.037838, 13.973703, -3.234172
19.503019, 0.700153, 19.891180, -1.332482
9.834899, 5.513641, 11.122101, 5.664948
9.210148, -4.615320, 9.236552, -4.948510
23.438005, 11.049272, 22.324495, 10.720129
7.756523, -5.219321, 7.693997, -4.855689
20.070999, 4.623886, 21.619701, 4.881524
28.045298, 12.045023, 29.795504, 12.455378
12.914698, 4.036194, 14.264103, 4.372196
18.750572, 1.828596, 18.162230, 3.801114
8.646338, 5.398677, 8.962872, 5.451684
-7.771074, -8.074696, -7.884546, -7.763084
14.160879, 2.889008, 13.909521, 4.075952
18.200397, 10.458720, 19.942204, 10.808080
13.701624, 4.011563, 13.979476, 2.877667
24.464527, -0.284992, 24.290472, -0.121607
19.315100, -1.794520, 19.693100, -1.757650
16.437105, 2.746092, 15.384796, 2.437788
17.465601, 10.223110, 16.901600, 10.280689
16.338202, -3.609587, 14.999699, -3.841423
-8.546760, -9.795415, -9.279071, -9.906575
12.929700, 9.207729, 12.489300, 9.204661
16.110701, 4.714292, 14.379298, 4.393808
3.194138, 7.436902, 3.603202, 7.526278
7.027461, -5.362904, 6.920339, -5.008826
9.996231, 5.513396, 9.491209, 5.442204
8.074326, 5.230649, 8.594194, 5.392830
-0.962704, 1.920604, -0.671031, 1.582806
16.080885, 2.534181, 15.912515, 1.385189
13.613195, 4.423560, 13.933105, 4.522591
3.497148, 7.709792, 3.900043, 7.800588
19.068306, 4.643651, 19.100294, 3.979870
-6.975558, -7.901289, -7.241692, -7.530571
14.998631, 9.740812, 14.767468, 9.985087
17.064096, -3.359989, 18.345404, -3.083821
33.193283, 5.748079, 32.701828, 9.073042
32.701767, 9.073439, 32.567715, 9.980371
34.419907, -1.438800, 34.462154, -0.881863
34.462185, -0.881465, 34.519394, -0.127300
8.585088, -1.035458, 8.695756, -1.637634
8.695828, -1.638028, 9.050842, -3.569762
15.671102, 4.516113, 9.002112, 3.348496
9.001719, 3.348428, 4.665279, 2.589197
9.193291, 3.026261, 9.019529, 3.263304
-1.133754, -6.171687, -1.059976, -6.613091
22.336309, 10.967828, 22.171158, 11.208917
18.061901, 8.599322, 17.199284, 8.438455
17.198887, 8.438382, -1.336572, 4.981758
-0.176959, -0.322705, 0.291027, -3.127193
13.132098, 7.538968, 17.281693, 8.306509
17.282089, 8.306581, 18.067202, 8.451802
-13.722513, -9.307651, -14.077557, -6.687031
-14.077610, -6.686634, -14.119487, -6.377539
19.206306, 10.572762, 18.474136, 10.272912
-0.351507, -3.040278, -0.079107, -4.531623
20.037060, -0.771057, 19.732035, -0.074371
9.883276, -0.954726, 9.911454, -1.422179
4.316391, 2.531323, -0.603716, 1.677603
1.392782, 5.556112, -1.045300, 5.107370
-1.045693, 5.107297, -1.424652, 5.037548
1.399469, -6.128284, 1.470255, -6.117095
1.470650, -6.117032, 3.059741, -5.865826
-15.973779, 3.979042, -15.731777, 2.855011
-15.731693, 2.854620, -15.422521, 1.418598
14.182220, 1.959992, 14.699126, -0.573665
33.462387, -2.361901, 33.384586, -1.561397
33.384541, -1.560999, 33.357212, -1.279790
18.349300, 10.060109, 17.768150, 10.117121
17.767754, 10.117159, 16.464699, 10.244990
-6.759061, -6.891179, -6.689095, -6.882961
-9.623561, 5.437634, -9.555102, 5.447413
-9.554706, 5.447471, -8.466350, 5.602946
-14.735391, -1.154700, -14.698778, -1.557100
-14.698740, -1.557499, -14.672009, -1.851300
6.233342, 4.878394, 3.692708, 4.336691
19.339352, 1.115704, 19.617228, 0.643714
19.617434, 0.643369, 19.778349, 0.370041
17.371103, 4.930466, 16.884796, 4.792957
15.937597, -0.454984, 16.562510, -0.307070
16.562899, -0.306978, 17.043404, -0.193245
18.392021, 3.656442, 18.406292, 3.592205
-13.953534, -5.860576, -14.366316, -4.747206
-14.366453, -4.746830, -14.865466, -3.400874
-15.527651, 4.378613, -15.612850, 4.233844
-15.613052, 4.233499, -15.863350, 3.808196
30.618425, 11.751196, 30.666510, 11.934069
33.644661, -2.465757, 33.612160, -2.385178
-10.203702, 4.931381, -9.522396, 5.076484
-9.522003, 5.076568, -9.235398, 5.137609
19.675978, 0.276813, 19.905947, -0.078289
24.160158, 0.452365, 24.264269, 0.601957
-13.674114, -9.723821, -13.400877, -9.884272
30.915190, 11.956691, 31.085176, 11.202497
8.963383, -3.455882, 8.655450, -1.645184
8.655381, -1.644790, 8.606557, -1.357689
-10.142712, -10.513253, -9.795715, -10.331136
16.791599, 4.893284, 17.252798, 4.912174
25.740505, -3.618493, 25.129587, -3.830713
14.843010, 4.384489, 13.639600, 4.365622
-11.804204, -9.879354, -10.845093, -9.619873
-10.844707, -9.619770, -10.761196, -9.597176
1.371893, -6.074360, 1.389707, -5.543074
1.389720, -5.542673, 1.410547, -4.921510
4.974776, -5.716201, 4.943665, -5.503972
-8.684706, -8.437440, -8.660728, -9.120897
-6.573327, 5.686576, -5.558899, 6.076698
-5.558525, 6.076841, -4.507403, 6.481074
-13.436399, -10.078492, -13.361090, -10.072474
-13.360689, -10.072444, -12.190200, -9.978938
17.318689, 4.922438, 16.795897, 5.033179
-9.491169, 5.810795, -9.585481, 5.796514
-9.585877, 5.796454, -10.352800, 5.680325
14.767399, -3.709801, 15.716490, -3.628824
15.716887, -3.628789, 16.976601, -3.521309
17.415876, 10.036009, 17.455765, 9.924984
17.998800, -3.287011, 16.930929, -3.403580
16.930532, -3.403624, 15.630099, -3.545579
18.871927, 4.074026, 18.969803, 4.432307
18.969910, 4.432693, 19.089872, 4.871824
31.743900, -2.775755, 30.341194, -2.848479
30.340797, -2.848500, 29.855598, -2.873655
18.929268, 4.348165, 18.655497, 5.129390
18.655367, 5.129767, 18.569733, 5.374125
13.456501, -3.100969, 12.824476, -3.158084
12.824080, -3.158120, 12.704999, -3.168881
19.284401, 1.029176, 18.991405, 1.016940
18.991009, 1.016923, 18.843300, 1.010754
13.161710, -4.039762, 13.247150, -4.191253
18.526178, 2.666028, 18.333586, 3.573470
18.333502, 3.573861, 18.285521, 3.799942
19.298197, 10.506526, 20.667482, 10.866872
20.667871, 10.866975, 21.985302, 11.213675
19.663000, 0.820981, 19.587536, 0.831318
18.464815, 3.606955, 18.435324, 3.729913
23.509501, 0.890820, 23.426743, 0.876998
23.426346, 0.876932, 21.958099, 0.631725
14.923682, -3.848942, 14.910652, -3.778529
16.356180, -0.132542, 16.276093, 0.291523
28.216604, 11.914070, 27.472889, 11.687900
27.472507, 11.687781, 27.224396, 11.612329
-8.899719, -7.751960, -8.871446, -8.021500
19.756544, -1.769137, 19.350201, -1.171009
19.349979, -1.170678, 19.228355, -0.991652
10.254604, 5.710369, 9.582298, 5.492596
9.581917, 5.492472, 9.291565, 5.398421
15.392647, 2.008708, 15.232893, 2.069385
15.310385, 2.109922, 15.375992, 2.150074
9.564425, 5.548980, 9.127839, 5.411306
9.127458, 5.411186, 8.349905, 5.165990
17.121368, 0.196581, 17.188862, 0.356159
7.526120, 5.202168, 7.910223, 5.193529
7.910624, 5.193519, 8.303520, 5.184682
9.019293, 3.263626, 8.962320, 3.341348
8.962084, 3.341670, 8.775680, 3.595959
-1.652954, -3.065369, -1.380257, -4.696887
-1.380191, -4.697282, -1.133820, -6.171292
22.537943, 10.673483, 22.475542, 10.764577
22.475313, 10.764909, 22.336538, 10.967496
18.969055, 4.499526, 18.759584, 5.145525
0.291092, -3.127588, 0.531318, -4.567181
0.531383, -4.567576, 0.577576, -4.844391
17.772207, 9.985447, 17.456293, 9.856069
21.307734, 5.049216, 21.347233, 4.941578
21.396404, 4.807574, 21.603136, 4.244204
21.603273, 4.243828, 21.678665, 4.038374
-0.079035, -4.532016, -0.051007, -4.685466
-0.050936, -4.685859, 0.009872, -5.018772
19.731874, -0.074005, 19.588261, 0.254011
19.588100, 0.254378, 19.563740, 0.310019
9.911477, -1.422578, 9.914673, -1.475576
9.914696, -1.475975, 9.936785, -1.842410
-0.604110, 1.677535, -0.733250, 1.655127
-0.733644, 1.655058, -0.890812, 1.627787
14.699206, -0.574057, 14.723498, -0.693124
19.251167, -1.307055, 19.330725, -1.217452
19.825672, -0.660019, 19.934555, -0.537388
19.934822, -0.537088, 20.065434, -0.389985
-6.688699, -6.882915, -5.580721, -6.752789
-5.580324, -6.752743, -5.398609, -6.731401
7.452602, 5.138359, 6.674743, 4.972508
6.674352, 4.972424, 6.233733, 4.878478
18.923204, 5.369343, 18.707039, 5.308220
18.406376, 3.591815, 18.970486, 1.052238
30.666609, 11.934454, 30.818365, 12.511617
30.818464, 12.512002, 30.883175, 12.758103
33.289429, -1.585085, 33.270538, -1.538243
32.331280, 11.494375, 32.275246, 11.486533
32.274849, 11.486476, 32.154079, 11.469573
15.611442, 4.505713, 15.445663, 4.514057
15.445263, 4.514078, 15.118239, 4.530539
15.117839, 4.530560, 15.032500, 4.534855
19.545444, 0.478377, 19.675764, 0.277149
-12.573572, -10.370084, -12.513686, -10.405250
-14.869866, -2.024976, -14.817090, -1.873606
-14.816957, -1.873228, -14.703828, -1.548764
-14.700357, -1.538817, -14.636434, -1.355474
30.711723, 12.859403, 30.791180, 12.506868
-8.490702, -9.646209, -8.206649, -9.497127
18.963974, 4.982265, 19.049702, 4.985775
15.707900, 4.398048, 14.927018, 4.385806
14.926618, 4.385800, 14.843410, 4.384495
19.981699, 10.839301, 20.539228, 10.844436
22.816172, 10.865407, 23.369001, 10.870499
31.412333, 11.220675, 30.966421, 11.729832
30.966154, 11.730133, 30.778595, 11.944295
30.357624, 12.424966, 30.224367, 12.577125
4.943608, -5.503577, 4.881135, -5.077400
-8.660712, -9.121298, -8.636590, -9.808849
-8.636575, -9.809250, -8.634464, -9.869430
-10.547776, 5.433205, -10.983530, 5.059403
-10.983835, 5.059142, -11.260835, 4.821524
-11.261140, 4.821263, -11.435208, 4.671942
-11.435513, 4.671680, -11.589024, 4.539995
19.806982, -0.890704, 19.854033, -0.839595
19.854307, -0.839300, 19.998270, -0.682922
19.998545, -0.682628, 20.076931, -0.597482
17.318834, 10.306106, 17.344131, 10.235693
12.708650, -3.236477, 12.860113, -3.505028
12.860312, -3.505376, 13.161511, -4.039413
19.057587, 0.903914, 18.870600, 0.929528
19.099377, 0.961170, 19.085108, 1.020656
19.085016, 1.021046, 18.464907, 3.606565
14.910580, -3.778136, 14.895942, -3.699033
14.895869, -3.698641, 14.740218, -2.857488
16.276016, 0.291916, 16.066578, 1.400882
-8.871404, -8.021896, -8.801919, -8.684328
-8.801877, -8.684725, -8.785480, -8.841041
16.203106, 1.700886, 15.971845, 1.788721
15.971471, 1.788863, 15.393021, 2.008566
15.376331, 2.150282, 16.269562, 2.696951
16.269905, 2.697160, 16.413214, 2.784868
16.915438, -0.290325, 16.946753, -0.216288
16.946905, -0.215919, 17.121216, 0.196212
16.154827, 1.766610, 15.991693, 1.924399
18.473763, 10.272759, 18.030996, 10.091430
18.030622, 10.091277, 17.772581, 9.985600
21.347370, 4.941202, 21.383608, 4.842447
14.723578, -0.693516, 14.750593, -0.825930
14.750673, -0.826322, 14.797180, -1.054282
19.774033, -0.718178, 19.825405, -0.660318
18.706657, 5.308111, 18.603317, 5.278891
18.602936, 5.278782, 17.371485, 4.930575
33.612007, -2.384807, 33.417900, -1.903580
33.417747, -1.903209, 33.289581, -1.585456
31.059315, 11.316333, 30.986300, 11.306114
19.191374, 1.025119, 19.545231, 0.478713
-13.400534, -9.884474, -13.114165, -10.052635
30.791271, 12.506479, 30.803106, 12.453956
30.803198, 12.453567, 30.915098, 11.957080
-9.795361, -10.330949, -8.868032, -9.844249
17.253195, 4.912191, 17.315298, 4.914734
20.583984, 10.844848, 21.649752, 10.854664
21.650148, 10.854668, 22.408840, 10.861655
22.409237, 10.861659, 22.815775, 10.865403
30.778328, 11.944596, 30.694590, 12.040214
30.694323, 12.040515, 30.357891, 12.424664
4.881077, -5.077005, 4.809476, -4.588562
4.809419, -4.588168, 4.801994, -4.537519
19.297869, -1.443706, 19.434441, -1.295357
19.434715, -1.295063, 19.806707, -0.890999
17.344269, 10.235315, 17.372730, 10.156094
17.372868, 10.155716, 17.415739, 10.036386
19.587139, 0.831373, 19.499893, 0.843324
15.845230, 2.572893, 15.820318, 2.704792
15.991406, 1.924677, 15.610331, 2.293266
15.610044, 2.293544, 15.443360, 2.454765
19.198523, 3.791864, 19.149746, 3.942287
19.359768, -1.184744, 19.773766, -0.718477
18.978487, 1.016203, 19.001688, 0.911761
19.001772, 0.911370, 19.048479, 0.701115
32.153683, 11.469516, 31.299355, 11.349934
31.298958, 11.349876, 31.059711, 11.316390
18.637053, 1.881076, 18.864227, 1.530288
-8.867678, -9.844062, -8.639732, -9.724427
-8.639378, -9.724240, -8.491056, -9.646396
19.499496, 0.843378, 19.290731, 0.871976
19.290335, 0.872031, 19.057983, 0.903860
19.149624, 3.942668, 19.093851, 4.114665
18.864441, 1.529953, 19.020800, 1.288518
19.021013, 1.288182, 19.191160, 1.025454
17.348810, 4.916108, 18.710493, 4.971881
18.710890, 4.971899, 18.814310, 4.976134
18.814707, 4.976151, 18.963577, 4.982248
16.066502, 1.401275, 15.995025, 1.779735
15.994952, 1.780128, 15.981156, 1.853167
15.868155, 2.451504, 15.845303, 2.572500
19.093729, 4.115044, 18.979488, 4.467346
15.981084, 1.853560, 15.962379, 1.952591
15.962307, 1.952984, 15.868228, 2.451111
