8.597991, -0.706286, -3.529600, -1.003260
8.620064, -0.743500, 8.758535, -5.992300
8.768108, -6.001600, 8.944092, -6.001600
9.005445, -6.119580, 9.844754, -22.379175
17.158655, 3.849200, 17.224346, 2.260000
17.756556, 2.281200, 17.822346, 0.811600
17.517178, 0.620300, 17.556723, -0.809500
17.566124, -0.817963, 17.853275, -0.793037
17.879875, -2.519700, 17.645824, -2.519700
17.725523, -4.114200, 17.999475, -4.114200
18.032276, -5.747858, 17.506723, -5.780442
17.498032, -5.790278, 17.592367, -7.263521
14.607255, -11.671307, 14.780544, -16.359776
14.771591, -16.368645, 14.500310, -16.357756
14.491274, -16.366625, 14.537124, -17.739475
14.653481, -17.792725, 14.687920, -19.733576
14.619033, -19.752024, 14.699167, -21.217577
16.143433, -21.260723, 16.461267, -27.553976
16.488932, -28.170424, 16.899767, -35.579876
9.775194, -22.209055, 7.886780, -22.298145
6.719000, -22.222145, 7.785200, -22.181456
6.672822, -22.347433, 3.747800, -22.491468
0.939600, -22.592354, -14.426391, -23.285645
1.001200, -22.595877, 1.001200, -22.247725
-14.869891, -31.422146, -6.075900, -31.040955
6.853179, -46.348644, 11.884392, -46.088154
6.844458, -46.416225, 7.104542, -50.489876
-15.512309, -47.945557, -23.910175, -48.380146
-15.503000, -48.012424, -15.503000, -48.922676
-7.840735, -48.621925, -7.783665, -49.706276
-14.500910, -23.272455, -27.177376, -23.875746
-2.736242, -48.077522, -1.964058, -61.229977
-7.893679, -46.159454, -23.390276, -46.932045
16.944223, -35.549191, 19.535776, -35.381409
19.545532, -35.389923, 20.076168, -44.699875
12.027131, -50.169525, 12.222966, -53.469776
12.232459, -53.481483, 16.939354, -54.714016
-0.554300, -63.154156, -4.135700, -63.265945
-1.669544, -65.384827, -1.473556, -69.725677
-1.463821, -69.734192, -0.245000, -69.623108
-0.431942, -70.503525, -0.095558, -76.503677
8.951509, -69.181992, 41.255775, -67.367508
20.072355, -44.778824, 20.498745, -54.682976
20.584124, -54.755344, 28.320677, -54.315456
28.330433, -54.324326, 28.476269, -56.832176
29.356327, -56.802776, 29.271673, -56.380623
33.032482, -56.203968, 33.145016, -56.597530
34.027992, -56.450275, 33.853210, -54.059925
45.470745, -65.290176, 45.443256, -64.772827
71.833511, -44.028824, 72.317894, -55.244377
72.076408, -55.566425, 74.139694, -84.331375
43.653511, -67.231422, 43.981789, -71.874878
43.135509, -71.940422, 43.251892, -73.782074
43.261826, -73.790588, 44.043877, -73.744911
43.614925, -79.347900, 44.467674, -79.347900
44.501110, -79.357124, 44.617489, -80.751373
54.566990, -100.407677, 54.065411, -92.760826
54.055477, -92.752312, 45.881725, -93.301888
45.456078, -92.824211, 44.636124, -92.918587
45.146091, -88.923180, 44.898308, -85.604225
44.888374, -85.595711, 44.040024, -85.659393
44.744835, -83.082779, 44.638664, -82.256126
43.867237, -82.313477, 43.685165, -80.771622
74.070709, -84.483124, 74.228691, -86.979774
78.304520, -94.330925, 79.258179, -99.519775
91.588821, -122.367889, 93.472176, -122.267410
98.158676, -121.894623, 96.241425, -122.163483
91.735924, -124.271889, 92.448074, -124.201706
92.458008, -124.210220, 92.771790, -127.701675
92.720276, -127.697922, 92.079727, -127.781082
92.028206, -127.863327, 92.213089, -129.806870
93.250374, -133.170517, 92.480827, -133.310974
92.472313, -133.322327, 92.642792, -135.136169
94.102074, -140.132019, 93.587128, -140.229187
93.578613, -140.240540, 93.660591, -141.270767
94.435478, -142.882324, 93.820526, -142.962784
95.267677, -162.847122, 94.724022, -162.906784
95.867378, -168.206619, 95.136223, -168.316284
95.127708, -168.327637, 95.276192, -170.181671
96.454880, -173.675613, 95.545021, -173.747986
95.536507, -173.784439, 95.685692, -175.821762
93.749710, -145.944626, 93.848190, -147.214172
94.956474, -150.911926, 94.103325, -150.999878
70.976410, -179.605438, 71.754189, -186.925964
71.007477, -179.554504, 68.770523, -179.390503
67.726875, -179.308502, 64.505722, -179.472504
100.818794, -122.254272, 100.740410, -121.538727
100.748924, -121.528793, 102.661476, -121.370613
105.414894, -122.062775, 105.384407, -121.634422
105.392921, -121.624489, 106.395775, -121.514206
108.127892, -121.967079, 108.065407, -121.347221
110.888992, -121.786575, 110.849213, -121.228027
113.589302, -121.477478, 113.589302, -120.939522
114.290710, -118.837524, 114.433487, -120.859276
95.705322, -175.593933, 97.798676, -175.433762
100.198807, -174.444733, 100.243790, -175.190674
100.253723, -175.200607, 102.091774, -175.107697
104.747917, -174.050232, 104.861084, -174.958572
104.871727, -174.968506, 106.802574, -174.875702
71.527519, -187.214813, 71.864883, -189.641388
72.114510, -193.928528, 72.360489, -198.703064
72.423813, -198.846741, 72.793587, -203.095459
72.795006, -203.641129, 73.195694, -207.766159
73.907799, -216.663528, 74.309898, -227.438965
100.832718, -195.634415, 100.995384, -196.745789
100.989708, -196.759979, 100.702995, -196.974228
100.696609, -196.989838, 100.800491, -197.902771
100.806877, -197.919800, 101.081322, -198.266708
101.158043, -199.365509, 100.940857, -199.769684
101.033287, -200.642899, 101.170914, -200.794205
101.352837, -202.102188, 101.122070, -202.449005
101.196655, -203.216919, 101.383644, -203.545883
101.418709, -203.564331, 101.492493, -204.717972
99.237778, -214.660080, 98.330223, -214.494614
98.318871, -214.501709, 98.142731, -215.374588
96.376999, -214.653763, 95.454605, -215.198441
95.451767, -215.211212, 95.826630, -215.819489
94.680588, -217.110550, 94.000114, -216.794357
93.988762, -216.798615, 93.681740, -217.647491
94.644485, -219.488159, 93.928017, -219.804337
93.923759, -219.817108, 94.275940, -220.545685
99.322586, -221.111664, 98.666214, -221.427841
98.660629, -221.440613, 98.931374, -222.181290
96.154449, -221.404419, 95.867744, -222.072983
100.594551, -219.037521, 100.340446, -219.722382
100.345413, -219.751450, 101.111885, -220.069443
93.718620, -217.773422, 94.532677, -217.933884
94.288605, -220.672028, 94.876892, -220.275284
96.829430, -222.317886, 97.004669, -221.567719
100.655518, -218.935257, 101.356789, -219.253250
100.048775, -216.701797, 100.543427, -217.389511
101.295746, -217.061584, 100.863556, -216.246109
100.851494, -216.241852, 100.181503, -216.657745
99.256660, -214.777008, 98.984840, -215.625092
95.921616, -215.841537, 96.671883, -215.441956
94.686775, -217.176620, 94.527725, -217.828781
99.352165, -221.158218, 99.722237, -221.764481
96.232224, -221.372940, 96.951073, -221.564957
94.660645, -219.508713, 94.980354, -220.228989
101.421959, -219.294510, 101.159836, -220.046188
103.690407, -234.078735, 103.771294, -235.282272
103.767746, -235.336014, 103.588058, -235.671890
103.584511, -235.690338, 103.618393, -236.164566
103.890411, -236.572632, 103.971291, -237.846863
103.967033, -237.865311, 103.718170, -238.271790
103.766685, -238.922592, 104.059715, -239.214310
104.066811, -239.231339, 104.124290, -240.187866
104.690407, -225.858627, 104.725990, -226.420959
104.720314, -226.437988, 104.465088, -226.701004
104.459412, -226.718033, 104.476494, -227.095566
104.801308, -227.355637, 104.873787, -228.426163
104.869530, -228.443192, 104.611465, -228.826401
104.706703, -229.171875, 104.922195, -229.308319
104.930710, -229.323929, 104.984688, -229.830765
74.980873, -263.444305, 72.178627, -263.715302
105.684692, -268.663971, 105.350212, -265.571014
105.499779, -265.402191, 105.415916, -264.779907
105.422302, -264.765717, 105.623398, -264.625366
105.304527, -260.740204, 107.269173, -260.577698
109.910027, -260.350098, 111.733772, -260.220093
114.385521, -260.035797, 116.350174, -259.894989
105.374413, -240.836838, 105.391594, -241.152267
105.635208, -241.321136, 105.745491, -242.642471
105.942589, -243.735641, 105.624313, -243.841766
105.622185, -244.177597, 105.749115, -244.312500
105.784088, -244.329529, 105.792213, -244.542465
105.663109, -244.664841, 105.680290, -244.896362
114.594994, -259.697388, 114.382812, -257.029724
112.245621, -260.377106, 114.464378, -260.234711
107.242226, -260.600800, 109.766075, -260.417786
107.283226, -245.807495, 146.779770, -243.045303
106.002510, -270.252106, 106.094788, -271.453491
106.086273, -271.464844, 105.786026, -271.552948
105.741432, -272.061005, 105.924675, -272.859375
106.555412, -277.169006, 106.750893, -280.526093
76.391708, -294.234314, 76.574989, -297.132782
76.299576, -294.123108, 74.654922, -294.225800
116.822121, -257.714813, 117.818977, -257.679810
121.415787, -256.866089, 121.399712, -256.620605
121.408226, -256.577087, 124.225479, -256.349487
117.612724, -259.797485, 123.523476, -259.363708
123.109291, -258.309479, 123.044006, -257.291901
123.630920, -259.374786, 128.484268, -259.052185
124.344009, -256.393005, 124.532387, -259.071075
128.980637, -258.982605, 131.186768, -258.802704
131.199539, -258.811218, 131.418655, -259.592377
133.119202, -259.491180, 133.119202, -258.518921
133.072937, -258.510406, 133.480270, -258.487915
133.758728, -258.667786, 135.391464, -258.566589
135.650131, -258.725891, 143.912964, -258.316315
57.053211, -64.198921, 57.088791, -64.587578
57.080276, -64.597511, 45.534023, -65.225189
14.169090, -35.625156, 6.291300, -35.978745
-6.032578, -33.687454, -15.036493, -34.130547
-23.523724, -46.904354, -29.255575, -47.211746
-29.265509, -47.202877, -29.435190, -44.928024
-29.445124, -44.919155, -34.492374, -45.192245
-37.506824, -24.701809, -39.433178, -24.832890
-39.442402, -24.842823, -39.442402, -26.061975
-42.712746, -26.345623, -42.580856, -29.686275
-42.573761, -29.702063, -42.366241, -29.909937
-42.324524, -30.492342, -42.969074, -30.578259
73.800392, -216.350464, 73.196411, -207.862335
72.173889, -193.987762, 71.954712, -190.036530
-62.108292, -34.595425, -61.627510, -41.810577
-61.519245, -43.275723, -61.091255, -51.669777
-33.954178, -27.685768, -29.020523, -27.421833
-28.405777, -27.403990, -26.453323, -27.239809
-25.944290, -23.972124, -25.700909, -27.236977
-26.292477, -27.423067, -25.823524, -27.394133
-26.344994, -27.411608, -26.398706, -27.268692
-28.385504, -27.434525, -28.377398, -27.555676
-28.386024, -27.565609, -28.839876, -27.599091
6.051178, -31.066967, 13.965389, -30.661833
13.975233, -30.670525, 14.260869, -35.526375
42.497646, -49.437378, 41.244953, -26.128124
42.419174, -49.446957, 40.000423, -49.585545
39.991199, -49.595123, 39.991199, -50.203377
39.942677, -50.168453, 37.903522, -50.269344
40.155811, -52.209522, 40.281490, -53.588177
144.041534, -258.303101, 158.839569, -257.431488
158.849503, -257.440002, 159.267899, -265.058472
186.457703, -226.435532, 187.224701, -237.482468
191.047104, -223.116531, 191.366806, -228.013168
192.403900, -242.781937, 192.814499, -249.214172
191.876007, -235.332840, 192.169296, -239.829361
193.811600, -249.644638, 193.987503, -251.970963
193.049103, -252.108139, 193.811600, -264.407196
213.695602, -215.742035, 213.988907, -220.590561
144.320297, -223.226059, 143.120499, -207.249130
144.438736, -223.170380, 151.832870, -222.445419
154.763840, -222.283386, 159.406174, -221.899612
159.417526, -221.906708, 159.505676, -222.435486
106.287621, -209.949677, 107.783974, -209.743622
110.309624, -209.531784, 111.649178, -209.377914
114.279327, -209.322876, 114.835373, -209.273514
117.047623, -208.957275, 118.387177, -208.803421
114.166313, -209.856537, 115.679588, -224.723068
105.190826, -225.671783, 115.671074, -224.838821
115.915222, -174.688110, 116.140282, -176.038589
109.363029, -173.263519, 109.529671, -174.101181
112.154419, -173.320511, 112.265579, -173.930283
114.888809, -172.980026, 114.944389, -173.529968
114.897324, -173.598312, 116.588379, -173.766479
102.010201, -192.049164, 102.010201, -190.359634
105.381325, -189.722794, 106.160675, -189.722794
109.256126, -189.494904, 110.035378, -189.437897
112.959923, -189.379578, 114.138176, -189.268417
116.435822, -188.923676, 117.614075, -188.755615
103.208221, -206.769012, 103.376282, -207.834686
103.433990, -208.878738, 103.378410, -209.656662
116.447311, -179.202332, 116.501389, -180.403473
116.780411, -186.251129, 116.889992, -187.396866
96.333290, -173.531464, 96.085312, -170.185440
95.834587, -167.983963, 95.586708, -164.700241
95.647591, -162.062469, 95.462013, -157.781433
95.452080, -157.771500, 94.847221, -157.771500
94.881821, -156.616592, 95.273872, -156.586609
95.282463, -156.575867, 95.220535, -154.953629
95.210678, -154.943695, 94.660721, -154.912094
94.566025, -153.836975, 95.147575, -153.745117
95.052773, -152.164703, 94.218620, -152.133102
93.934425, -147.175201, 94.736977, -147.175201
92.335823, -129.852997, 93.168579, -129.819000
93.970123, -144.016403, 94.530479, -144.016403
93.731728, -141.292694, 94.258080, -141.326706
92.744423, -135.131622, 93.304779, -135.196884
93.357224, -135.744522, 93.815475, -135.809784
93.885323, -145.738785, 94.576477, -145.612625
94.197891, -142.762665, 94.134811, -141.556732
94.068893, -140.117462, 93.747711, -135.814835
93.737778, -135.804901, 93.175621, -135.804901
93.092674, -135.224304, 92.853027, -135.224304
193.899399, -264.660217, 194.477997, -274.313171
79.530121, -99.734680, 83.734879, -99.167717
90.205521, -98.762680, 99.370872, -97.692917
99.389320, -97.690079, 104.046577, -96.938820
114.349823, -118.875877, 116.764877, -118.552620
104.756401, -96.767273, 104.793900, -93.074425
104.793190, -93.055977, 104.157310, -87.076324
112.713127, -96.999985, 116.181076, -96.515518
120.323227, -92.241920, 121.804276, -92.426483
122.122627, -92.802094, 125.777977, -92.578613
125.458313, -91.523941, 126.528488, -91.007660
126.546227, -90.440292, 131.138062, -90.179306
135.580109, -91.158264, 140.024185, -93.922432
144.278839, -94.752197, 148.307663, -94.827103
148.327530, -94.826393, 160.978561, -93.703209
104.116325, -96.910484, 104.742279, -96.821320
124.202690, -118.989273, 124.147812, -117.966522
124.156326, -117.956589, 126.839378, -117.845413
126.998627, -119.983398, 127.768074, -120.011597
127.778717, -120.020821, 127.860283, -120.480774
129.633179, -120.396378, 129.523514, -119.880127
130.592819, -119.851921, 130.646286, -120.255676
130.657639, -120.264191, 132.354370, -120.153008
132.362885, -120.143074, 132.281326, -119.739426
132.289841, -119.729492, 133.395569, -119.618309
133.406921, -119.626823, 133.460388, -119.974174
135.035522, -119.917976, 134.927383, -119.458023
136.305511, -119.345421, 136.387085, -119.861679
137.765976, -119.720978, 137.712616, -119.261024
137.719711, -119.250381, 138.462479, -119.140617
138.469574, -119.129974, 138.387924, -118.585625
138.396439, -118.575691, 140.627869, -118.323807
143.255005, -118.961174, 143.283096, -118.191628
147.785706, -118.735977, 147.757599, -117.853928
147.795639, -117.843285, 148.676270, -117.733521
156.876724, -109.861824, 157.070877, -112.179077
155.441162, -112.338226, 155.579727, -114.148979
155.589310, -114.162460, 155.741180, -114.238342
155.883301, -115.008888, 155.672302, -115.193016
157.271439, -109.614594, 177.186569, -108.033913
148.792038, -117.742088, 149.943466, -117.695412
149.942719, -117.794327, 150.561783, -124.858673
150.826218, -128.525314, 151.151382, -130.230682
151.161316, -130.237778, 151.923492, -130.117523
156.222015, -120.029823, 156.392487, -121.802277
158.898926, -121.488022, 161.256287, -145.889862
152.834717, -132.994431, 153.618576, -141.300659
154.375320, -141.255035, 154.470886, -142.152969
152.449829, -131.934174, 153.478973, -131.805923
153.490326, -131.814438, 153.585785, -132.810669
150.582382, -125.209419, 150.437408, -125.234482
150.622986, -125.159676, 150.592316, -124.887726
150.396820, -125.284225, 150.745773, -128.588074
152.146027, -129.538284, 153.254166, -129.431412
153.322067, -130.314026, 150.584534, -130.603683
150.576019, -130.615036, 150.813385, -133.362961
143.322739, -207.060577, 165.751862, -205.316422
161.326126, -145.936035, 162.942780, -162.909470
154.219421, -147.168839, 155.328476, -158.993469
156.129013, -158.916626, 156.222885, -159.694473
154.414368, -142.223221, 153.657928, -142.318878
153.649414, -142.330231, 154.029282, -146.202972
154.906921, -146.146332, 154.980576, -146.990265
154.972061, -147.001617, 154.215637, -147.097183
112.661011, -96.883080, 112.736588, -95.169624
114.747826, -94.852501, 116.307373, -94.890999
120.656380, -92.004501, 118.327126, -91.927498
118.308678, -91.928917, 116.402824, -92.195480
116.394310, -92.187675, 116.662292, -88.049522
116.661583, -88.031075, 116.548920, -87.433723
116.549629, -87.415276, 117.507568, -82.661324
117.500473, -82.652809, 109.475121, -83.267189
115.037277, -84.230713, 107.550720, -84.922089
106.416176, -82.614311, 103.856026, -82.843788
103.846802, -82.853722, 103.769798, -85.452377
163.126328, -162.998184, 186.328369, -160.966125
155.935822, -164.445938, 156.531479, -170.231567
156.772293, -164.246460, 156.772293, -163.428436
155.693588, -163.528259, 155.397217, -159.897339
155.404312, -159.885986, 156.045578, -159.769119
186.544540, -160.863388, 188.858765, -160.606918
188.870117, -160.615433, 188.978378, -161.966370
188.971283, -161.980560, 188.617813, -162.194244
188.934189, -166.497620, 188.395508, -166.605881
188.388412, -166.617233, 189.089478, -175.229660
189.100830, -175.239594, 189.673767, -175.276703
170.131836, -184.380676, 187.671967, -182.806915
164.186172, -185.144714, 135.283630, -188.186279
190.174835, -179.558899, 194.441162, -179.234207
195.873535, -179.104294, 196.340759, -179.088104
187.860916, -182.799728, 188.361374, -188.429871
175.576080, -173.691269, 175.414719, -171.998627
175.423233, -171.988693, 176.107071, -171.941803
176.224365, -173.655716, 175.587433, -173.723282
179.238876, -171.988190, 179.185623, -171.593719
181.953415, -171.370728, 181.987976, -171.743561
184.082474, -172.996567, 183.935715, -171.258530
184.476593, -171.202438, 184.607498, -172.959167
200.452164, -220.271027, 191.041733, -221.224884
199.486771, -206.957718, 198.413940, -207.068283
198.486130, -208.212479, 199.064072, -208.163818
201.362762, -210.493423, 198.702530, -210.737976
198.683716, -210.749329, 198.783981, -211.801559
196.377701, -179.072433, 198.028702, -208.124969
166.074036, -205.323074, 185.756760, -203.657318
196.125702, -181.678238, 196.217697, -182.945267
196.636673, -185.270020, 196.288834, -185.297775
196.278900, -185.309128, 196.355499, -186.606873
196.851166, -188.931610, 196.488037, -188.959396
196.564636, -190.094498, 196.973770, -190.079193
197.069366, -192.593964, 196.699829, -192.622238
196.777634, -193.742401, 197.176468, -193.722900
197.303070, -196.109818, 196.933426, -196.145874
197.011337, -197.471497, 197.380966, -197.451996
197.468567, -199.887512, 197.157333, -199.913879
197.140793, -199.963028, 197.185104, -201.104965
197.670273, -203.518219, 197.291138, -203.547379
197.281204, -203.558731, 197.345001, -204.751663
17.862679, -0.801600, 17.888922, -2.510400
18.009058, -4.123600, 18.061445, -5.752600
17.602222, -7.273107, 17.757477, -7.278097
14.546364, -17.751389, 14.644432, -17.780840
14.709099, -21.226410, 15.954090, -21.203777
1.010600, -22.238142, 2.458400, -22.173454
-6.066391, -31.049923, -6.008106, -33.733875
-0.085600, -76.512184, 9.795489, -75.923012
28.486124, -56.841042, 29.348877, -56.812355
33.156822, -56.604965, 34.019478, -56.460918
45.384422, -64.779488, 45.434265, -64.777382
45.452911, -64.775948, 57.029278, -64.177910
44.053818, -73.753525, 44.287792, -76.866379
44.628277, -82.247620, 43.877525, -82.321991
96.232918, -122.174225, 96.299393, -122.970673
93.812019, -142.974243, 93.893890, -143.904373
94.715515, -162.918243, 94.888893, -164.734772
94.094818, -151.011337, 94.202293, -152.262573
108.074020, -121.337997, 108.917274, -121.306000
110.857826, -121.217369, 111.725372, -121.055321
113.598625, -120.929581, 114.363174, -120.889809
100.937317, -199.788239, 101.026192, -200.625870
101.178734, -200.811340, 101.341377, -202.085159
101.117821, -202.466141, 101.176590, -203.198471
96.676811, -215.429092, 96.341148, -214.695312
99.719315, -221.777298, 99.012901, -222.202042
103.624123, -236.181671, 103.884735, -236.555603
103.713921, -238.290344, 103.747787, -238.905563
104.485092, -227.111237, 104.792793, -227.340027
72.168686, -263.706696, 71.344910, -249.412537
105.630486, -264.611084, 105.296013, -260.748718
105.400192, -241.166504, 105.626694, -241.306946
105.785629, -244.558136, 105.669495, -244.649231
114.391426, -257.021210, 117.027077, -256.848297
105.776085, -271.564392, 105.740013, -272.043976
105.927521, -272.876495, 106.113487, -275.877289
117.828201, -257.688416, 117.810699, -259.299194
131.431534, -259.600891, 133.120468, -259.499695
6.281437, -35.969776, 6.004156, -31.129025
-39.451725, -26.071917, -42.703876, -26.335690
-25.814121, -27.384277, -25.811178, -27.242523
193.977463, -251.982330, 193.059036, -252.096786
151.844238, -222.452606, 151.886887, -222.753891
109.541122, -174.109695, 110.377274, -174.052795
112.276321, -173.938797, 112.998474, -173.938797
115.947807, -174.706528, 116.007309, -175.234955
116.008743, -175.255035, 116.112892, -176.185272
94.837997, -157.761459, 94.837997, -156.721741
94.650780, -154.902054, 94.557510, -153.848328
95.156082, -153.733658, 95.062706, -152.174637
94.907593, -150.891571, 94.587761, -147.185242
94.584984, -145.601166, 94.521912, -144.072830
93.230194, -133.085373, 92.975250, -129.837158
116.197472, -96.507645, 120.119408, -93.146584
131.156601, -90.180748, 135.563080, -91.151169
126.849319, -117.854027, 126.988693, -119.974174
134.935242, -119.448082, 136.294159, -119.336906
136.398544, -119.870186, 137.757462, -119.730911
143.293137, -118.181686, 145.074265, -118.042412
155.751129, -114.251923, 155.888977, -114.993279
155.666641, -115.208725, 156.001480, -118.820473
153.630035, -141.309158, 154.363968, -141.246521
153.577164, -132.822037, 152.876038, -132.884781
154.040741, -146.211472, 154.895569, -146.137817
112.746620, -95.158966, 114.729378, -94.853920
189.685135, -175.286743, 190.126877, -179.527267
196.350693, -179.098145, 196.448105, -181.334869
176.117004, -171.951843, 176.234299, -173.644363
181.979355, -171.754929, 179.250229, -172.013977
183.944336, -171.247162, 184.466660, -171.193924
184.072021, -172.985016, 184.000336, -172.987793
198.404007, -207.079742, 198.476196, -208.203964
196.227737, -182.955200, 196.529465, -182.939896
196.365540, -186.616806, 196.743973, -186.601501
196.478104, -188.970840, 196.554703, -190.084564
196.923492, -196.157333, 197.001404, -197.461563
17.234024, 2.251373, 17.746878, 2.289829
17.637138, -2.529100, 17.715761, -4.104821
-15.493592, -48.931541, -7.850600, -48.613060
7.105394, -50.356075, 12.017191, -50.160660
29.279222, -56.371040, 33.020676, -56.195457
33.861824, -54.049984, 40.271774, -53.585999
91.598450, -122.376953, 91.725983, -124.263275
95.885971, -222.055298, 96.818993, -222.319199
100.557709, -217.392303, 101.291397, -217.074402
104.608994, -228.842102, 104.696404, -229.157593
105.355957, -265.556763, 105.494743, -265.416443
105.615799, -243.854645, 105.615799, -244.160461
-42.358784, -29.925823, -42.316017, -30.481777
93.314720, -135.208344, 93.347282, -135.733063
93.165680, -135.794861, 93.102615, -135.234344
83.753426, -99.165581, 90.186974, -98.764816
126.537003, -90.994080, 126.537003, -90.450325
140.041306, -93.929550, 144.260300, -94.750046
127.871025, -120.489281, 129.624557, -120.406319
129.532135, -119.870903, 130.581360, -119.842697
133.471848, -119.983398, 135.027664, -119.927200
156.396683, -121.735664, 158.887466, -121.479515
153.265045, -129.440033, 153.331055, -130.302567
155.339935, -159.001968, 156.117554, -158.908127
155.943008, -164.434570, 156.763687, -164.257828
156.762253, -163.419937, 155.705048, -163.536758
188.610733, -162.208542, 188.941269, -166.486160
179.194244, -171.583771, 181.941956, -171.362228
184.597458, -172.969101, 184.092102, -172.985016
196.689896, -192.632736, 196.767700, -193.732361
46.312645, -130.346008, 22.711069, -132.354630
46.379940, -130.354431, 47.470451, -142.920532
35.946545, -101.695915, 22.004162, -102.864395
22.610039, -132.269180, 5.236098, -133.826233
-19.533257, -135.532898, -45.036556, -137.673141
-8.317266, -104.806328, -21.714247, -106.029541
-24.904903, -106.197906, -39.470810, -107.643776
-1.398096, -104.667503, -2.091164, -96.883476
-2.154412, -96.875237, -8.602351, -97.301361
-54.673862, -98.700348, -54.461487, -102.049065
-54.469727, -102.058678, -64.444702, -102.965744
-25.537323, -98.604210, -25.417036, -99.526985
-25.424761, -99.536598, -28.719549, -99.862396
-32.203674, -99.094971, -32.083042, -100.017746
-32.090939, -100.028046, -32.972816, -100.188889
-34.739277, -99.299454, -34.618645, -100.263130
-39.728683, -99.626633, -39.608055, -100.712990
-39.615952, -100.722603, -42.092804, -101.007507
-34.626640, -100.273445, -35.426624, -100.393372
-61.108074, -148.576950, -61.886627, -139.626968
-60.794750, -151.013687, -60.094189, -159.027771
-60.184284, -160.637039, -59.461155, -168.713364
-64.565704, -102.987549, -68.670830, -103.381531
-71.229927, -103.495834, -91.148468, -105.471153
-61.896233, -139.618835, -80.752357, -141.253922
-44.328930, -137.779465, -41.602776, -166.983841
-81.074081, -141.294678, -89.358017, -142.128555
-118.453125, -96.448799, -117.360481, -111.618393
-97.152641, -133.580505, -96.703514, -137.873291
-97.162041, -133.508102, -98.624672, -133.698471
-98.835190, -143.160889, -123.528854, -145.474869
-89.367424, -142.120392, -89.880890, -137.441620
-158.353409, -148.408127, -174.190887, -149.843826
-123.958160, -145.774826, -123.119316, -153.737976
-78.037376, -161.169052, -77.375893, -167.999573
-157.251419, -168.120544, -168.169205, -169.333038
-168.177078, -169.343536, -167.737839, -172.970551
-88.471855, -183.911072, -86.854378, -202.393127
-120.006531, -165.245773, -83.348938, -161.823975
-163.311020, -250.523193, -89.714233, -243.910675
-164.537567, -250.779266, -161.759262, -279.716278
-188.659653, -250.419220, -186.994080, -270.777039
-81.702042, -228.450287, -80.666237, -240.186203
-154.431122, -114.717735, -169.531021, -115.988022
-150.206345, -158.788651, -147.406784, -158.564377
-146.615555, -163.074097, -144.310974, -162.806534
-144.133514, -164.100403, -143.339737, -164.100403
-147.397858, -158.571167, -147.141235, -161.661835
-144.302048, -162.813324, -144.142426, -164.092606
-157.159241, -134.873459, -167.360718, -135.963150
-171.742294, -344.143707, -135.271927, -339.157654
-142.986328, -172.800873, -147.302841, -173.206406
-142.977905, -172.781708, -142.648804, -176.231964
-172.639465, -344.095428, -171.842163, -344.182861
-156.282272, -347.800354, -172.122787, -349.941315
-168.493149, -374.318237, -152.935104, -372.335358
-149.825241, -371.900085, -133.928650, -370.062317
-129.237228, -334.179596, -107.731064, -331.788422
-152.445374, -347.137695, -137.524628, -345.251617
-3.864094, -30.950447, -5.389822, -33.493427
-6.323012, -46.175247, -4.207142, -46.090595
-3.686900, -46.434555, -2.844365, -47.192612
8.220865, -55.540123, 8.305310, -57.060505
8.311231, -55.534569, 9.406096, -55.534569
10.092581, -73.662758, 10.177235, -75.693642
41.615692, -53.418205, 59.311546, -52.190186
-70.609344, -121.369263, -92.729927, -123.629166
-68.035278, -110.308334, -39.395844, -107.642021
-24.794220, -106.148445, -21.820150, -106.028282
24.776819, -54.936317, 24.962502, -57.474548
21.861609, -102.729034, 21.458530, -97.315910
19.317661, -103.081131, 13.385259, -103.484207
23.519487, -54.787991, 23.708364, -57.619705
23.717644, -57.544746, 24.992462, -57.544746
24.749727, -54.647293, 24.789753, -54.926865
47.298542, -100.990097, 36.117706, -101.797554
54.572914, -100.430534, 47.371227, -101.051460
12.232274, -114.979279, 4.968492, -115.413689
-1.977537, -97.687592, 5.264413, -97.098480
7.079200, -96.889488, 8.665011, -96.786179
33.966339, -65.524429, 34.065079, -67.546478
34.070332, -65.568550, 36.439327, -65.420631
55.471458, -100.319275, 62.489971, -99.701790
78.244835, -94.330177, 77.924393, -90.628441
74.297859, -87.040009, 77.565773, -89.864563
17.445959, -114.352608, 15.176489, -116.787842
-5.759817, -116.347771, -13.688528, -116.957680
12.178876, -114.987289, 12.188569, -115.068024
12.189712, -115.077744, 12.341543, -116.342644
60.610928, -66.428413, 61.241501, -66.383423
31.473345, -113.257568, 33.646332, -114.576706
27.727821, -113.544205, 25.786825, -115.666054
-22.742805, -117.799782, -30.484564, -118.451027
27.739155, -113.504723, 31.372187, -113.252228
17.533325, -114.342224, 22.237579, -113.992348
-146.208542, -139.677490, -145.976135, -143.386215
-133.751404, -155.899658, -133.611954, -157.842072
-133.566879, -157.944168, -133.935913, -159.376678
61.246243, -66.387733, 61.268734, -66.926819
-133.937317, -159.385910, -133.890839, -160.956360
64.382248, -111.639015, 61.709183, -111.839478
-7.623581, -104.644806, -8.082740, -98.767654
-49.741001, -119.777985, -44.645596, -119.272835
61.701736, -111.843330, 60.031391, -113.780830
-44.637623, -119.275299, -42.943123, -120.695282
48.012890, -112.060181, 54.238911, -111.545197
54.290485, -111.596107, 54.383572, -113.087463
36.293438, -112.950859, 41.441269, -112.576508
15.240434, -117.728371, 15.147684, -116.940170
-5.745708, -116.439964, -4.952211, -116.969131
-54.656425, -98.643333, -54.742329, -97.840889
-54.651558, -97.836189, -51.705299, -97.605095
-115.974586, -125.324371, -106.412384, -124.576477
-120.042931, -165.261292, -121.272041, -153.988754
-121.223267, -153.877777, -122.979012, -154.036850
20.242365, -102.687431, 19.817709, -96.582108
-39.190304, -119.012695, -34.945717, -118.694366
-119.049080, -125.605347, -124.052185, -126.502075
-124.147293, -126.620575, -128.455795, -128.731369
-148.629654, -150.458359, -147.770950, -158.234604
-145.189011, -167.154495, -143.880798, -168.622223
-143.825211, -168.710510, -143.904312, -169.344650
-144.016129, -169.619263, -145.160889, -170.205048
-142.836029, -176.375504, -143.633636, -177.173096
-143.368866, -179.861496, -143.342056, -181.219391
-143.525101, -184.602097, -142.435272, -184.734818
-142.509125, -184.766220, -142.218201, -185.321243
-142.162628, -185.410202, -142.216232, -188.778473
-143.821274, -189.804337, -143.425766, -190.174362
-143.636246, -177.181076, -143.423126, -179.450226
-148.370346, -150.588867, -146.300034, -150.282303
-188.853180, -250.089828, -189.622742, -239.478607
-19.065741, -135.589996, -7.890276, -134.700500
-149.470764, -145.559174, -146.575668, -146.099075
-149.523010, -145.612030, -149.229080, -147.915573
-143.226822, -184.368073, -143.226822, -183.884674
-142.538727, -182.900192, -142.685089, -183.581573
-116.429031, -125.250771, -117.086609, -127.145851
-118.875046, -125.677803, -119.493202, -127.301132
-121.282051, -153.787292, -122.148842, -145.507278
6.992212, -96.843292, 6.900860, -96.234215
6.896384, -96.168961, 5.608850, -96.291725
-143.276291, -164.181900, -143.197235, -165.096466
-144.083557, -165.943863, -145.118500, -166.063049
-116.450813, -125.324844, -116.082321, -125.324844
66.036903, -125.737099, 67.855042, -125.555107
66.215988, -125.832436, 66.397980, -128.380554
-8.595028, -123.949768, 4.022782, -122.905487
4.983989, -133.872116, 4.636226, -129.178223
-8.511378, -124.040794, -8.163659, -128.822037
-144.918945, -196.691559, -144.329330, -202.703140
-144.889313, -196.685516, -143.233994, -194.553101
-143.622192, -194.184967, -143.179260, -194.156845
-143.207382, -192.975616, -144.381561, -192.919357
-144.385574, -192.887711, -144.468964, -191.797913
-144.439819, -191.763245, -143.486603, -190.250565
-140.798080, -205.014771, -142.296158, -207.055145
-88.761780, -181.824371, -89.468170, -173.752625
-128.611664, -128.867844, -129.964706, -129.680267
-142.298172, -207.061295, -141.882690, -213.158417
-143.234573, -194.548508, -143.623123, -194.187042
-143.175735, -194.153214, -143.203857, -192.979248
-143.177597, -165.178024, -144.006912, -165.296356
-144.058060, -165.299774, -144.128677, -165.842758
-142.572418, -202.909637, -141.884872, -203.673035
-186.351547, -275.478424, -185.022583, -292.831696
-161.637543, -280.605957, -160.603882, -292.669983
-161.743271, -280.061920, -161.743271, -280.452850
-108.560081, -106.780373, -108.913773, -102.005356
-108.543930, -106.983337, -92.412254, -105.765060
-67.441452, -121.245018, -67.754158, -121.825462
-69.240509, -121.960846, -69.956505, -121.289474
-67.757446, -121.827652, -69.236549, -121.962181
-18.960857, -117.569695, -22.640284, -117.807022
-68.194267, -110.321312, -86.726891, -112.103378
-92.748512, -123.648460, -92.716911, -124.016769
-128.719009, -112.761177, -130.587250, -115.902962
-130.589447, -115.990433, -133.859009, -118.198372
-133.947021, -118.285011, -136.408569, -119.388573
-117.347107, -111.686356, -128.674026, -112.526871
-59.667393, -120.213867, -59.277306, -123.754814
-59.275425, -123.786407, -49.907368, -122.945641
-67.475426, -121.083115, -59.759380, -120.212311
-94.939743, -123.714218, -94.872124, -124.255966
-187.524155, -238.416443, -187.918350, -235.557800
-187.920532, -235.556244, -190.778549, -235.556244
-106.400444, -124.575340, -94.970863, -123.685768
-186.941971, -239.547989, -184.413254, -270.418701
-199.341400, -205.569061, -198.837936, -210.493240
-167.047211, -227.979706, -158.924774, -227.214844
-167.064972, -228.014236, -166.348938, -235.110764
-157.393372, -234.995926, -145.471817, -233.787033
-204.567612, -189.913620, -197.673843, -189.051941
-197.672653, -189.050354, -198.706741, -180.604858
-129.801270, -129.536133, -131.233948, -130.406174
-147.782654, -162.881165, -147.629608, -164.667984
-144.868027, -204.009689, -145.371399, -204.696259
-145.372620, -204.743668, -145.692520, -205.200867
-146.336258, -205.568924, -146.793167, -205.751801
-143.354355, -205.339859, -144.316177, -206.118484
-144.317703, -206.119705, -145.004272, -206.714828
-145.051819, -206.807648, -145.783951, -207.173721
-145.785782, -207.174484, -146.380310, -207.403229
-137.885635, -233.141342, -137.694168, -235.152771
-139.227249, -232.852783, -138.509949, -232.948364
-138.124893, -232.997223, -137.934341, -233.235397
-142.028061, -237.609879, -140.565460, -236.966446
-140.622208, -236.965530, -138.749573, -236.146362
-138.630737, -236.028137, -137.695038, -235.385010
-158.167099, -238.428879, -151.464890, -237.897095
-157.904800, -238.400314, -158.421646, -235.447006
-170.926071, -313.794098, -165.310272, -313.169891
-164.545212, -313.169891, -161.703690, -312.823090
-164.883469, -303.722961, -162.736099, -303.633423
-164.436722, -303.903015, -164.347153, -305.871552
-171.616837, -312.015472, -161.292496, -311.259857
-175.142944, -311.952484, -171.681946, -312.204346
-176.338593, -317.685425, -175.445374, -329.366882
-227.357422, -347.368500, -226.761993, -354.118408
-187.244156, -335.354401, -185.655807, -354.515594
-179.499664, -353.127350, -178.705338, -364.841766
-180.889725, -332.971436, -180.691147, -338.927002
-180.690994, -339.325989, -180.492722, -340.714233
-180.491959, -340.716064, -179.996719, -341.409271
-179.995193, -341.609375, -179.302002, -342.005310
-178.307266, -341.906952, -178.110504, -342.005615
-177.811569, -342.701874, -177.712585, -343.295776
-177.711823, -343.694763, -177.315887, -344.189392
-177.115631, -344.388885, -176.224152, -344.289612
-175.626266, -344.289612, -174.536209, -344.190308
-174.136917, -344.289612, -173.642609, -344.289612
-176.251770, -344.288239, -175.650269, -344.288239
-174.440842, -344.288239, -172.632050, -344.087036
-134.635284, -333.694916, -132.308411, -333.522400
-132.134064, -333.868042, -131.531769, -334.298126
-131.443832, -334.385284, -130.928101, -334.557190
-130.753601, -334.643768, -129.634369, -334.557495
-129.459869, -334.470947, -129.202911, -334.385284
-134.549942, -333.782074, -134.377731, -335.505432
-134.291779, -336.369873, -134.377121, -336.540558
-134.464752, -336.628052, -135.066742, -336.799957
-135.154984, -336.800262, -136.705521, -336.972778
-135.280075, -347.386688, -134.034485, -356.915985
-178.507828, -341.807343, -179.647430, -341.807343
-179.649780, -341.807343, -179.895752, -341.807343
-178.109253, -342.006927, -177.911316, -342.501465
-134.377411, -335.507355, -134.291473, -336.195526
-136.706589, -336.973785, -136.706589, -337.575684
-145.574478, -205.031616, -146.334503, -205.567947
-138.507858, -232.948685, -138.126678, -232.996292
-132.306839, -333.523407, -132.135330, -333.866425
-158.307663, -148.376328, -158.013367, -151.202103
-147.487823, -137.356232, -146.965881, -137.773788
-146.685883, -138.228409, -146.512222, -138.505966
-127.705215, -233.154892, -127.586411, -233.630112
-127.386993, -233.949142, -127.070419, -234.186508
-126.433418, -234.346008, -125.561066, -234.464951
-147.532547, -236.240585, -147.403595, -237.444595
-185.035126, -292.895599, -184.789490, -297.490997
-184.517563, -298.199890, -183.217712, -298.085052
-183.216858, -298.084320, -183.255142, -297.396729
-195.589706, -345.381714, -193.296249, -345.260895
-199.998871, -345.683685, -197.645004, -345.502502
-204.347626, -345.985687, -201.812561, -345.804504
-201.750443, -346.529297, -200.664963, -346.408478
-176.362045, -350.281555, -172.127747, -349.935760
-179.827820, -352.008423, -179.901154, -351.298584
-179.680038, -350.855896, -179.337646, -350.488983
-178.845764, -350.316803, -178.356934, -350.267731
-177.889343, -350.366333, -177.596481, -350.537048
-156.283524, -347.821198, -152.463898, -347.219574
-145.718307, -334.209625, -139.508545, -333.470947
-133.376678, -368.468872, -134.019363, -360.112244
-181.044571, -332.776215, -174.326996, -332.131165
-174.218765, -332.184174, -174.487289, -329.390411
-191.246094, -315.398041, -191.670120, -310.308167
-165.769699, -238.920334, -158.217636, -238.454041
-127.693726, -233.149719, -127.763130, -232.686844
-127.693481, -232.081741, -127.647293, -231.827820
-127.585747, -233.631668, -127.388031, -233.947922
-179.336334, -350.488220, -178.847351, -350.317047
-178.355255, -350.268005, -177.915329, -350.341064
-146.964859, -137.775101, -146.686661, -138.226852
-127.068916, -234.187271, -126.435104, -234.345612
-201.811569, -345.805328, -201.751434, -346.528473
-179.900864, -351.297028, -179.680939, -350.857208
-127.763115, -232.685150, -127.693741, -232.083435
-158.388855, -151.947372, -158.325653, -152.516586
-158.325012, -152.517761, -157.945602, -152.770554
-157.944962, -152.771729, -157.881775, -153.340927
-147.386490, -237.461655, -147.312836, -237.638672
-202.001251, -315.633057, -193.395599, -315.095093
-152.876831, -372.357086, -149.832809, -371.911438
-102.677597, -344.076599, -102.102188, -353.283569
-101.756775, -356.392670, -101.066261, -364.103302
-101.525925, -356.392029, -100.721588, -356.276917
-137.077576, -345.414917, -136.548264, -345.414917
-136.104645, -345.592285, -135.751846, -345.856842
-135.663055, -346.211761, -135.839554, -346.829773
-136.635345, -347.626617, -135.309616, -347.449677
-191.575821, -365.327667, -191.370773, -368.607269
-176.564087, -317.102173, -176.501312, -317.856781
-144.801712, -237.757874, -144.488327, -237.569702
-144.424210, -237.505920, -144.173553, -237.255264
-125.516029, -234.467072, -124.292160, -234.561111
-95.650620, -174.530792, -94.857674, -183.252914
-106.762520, -107.285423, -106.656670, -110.565544
-106.232872, -111.731239, -106.021912, -112.047630
-147.311905, -237.639801, -147.149612, -237.772598
-193.394852, -315.094360, -193.394852, -314.378479
-136.546783, -345.415161, -136.105820, -345.591644
-135.751068, -345.858002, -135.663086, -346.210388
-106.656425, -110.566971, -106.233490, -111.729919
-139.132782, -118.644867, -137.115417, -118.014458
-137.114502, -118.014114, -135.727859, -117.446861
-226.749069, -354.893341, -217.457031, -354.141693
-226.749527, -354.187714, -226.681351, -354.870117
-160.468964, -295.581909, -160.346695, -297.700317
71.204216, -39.236839, 71.065247, -36.734974
-10.845341, -61.737053, -10.315204, -70.219322
-3.550148, -63.718319, -3.455185, -65.427582
-70.616165, -121.408302, -69.904953, -121.338425
-69.903763, -121.338333, -67.463921, -121.098686
-59.666340, -120.217995, -56.200684, -119.861916
4.765784, -97.138443, 4.707740, -96.364487
-157.929001, -158.220200, -157.791702, -158.952332
-157.791275, -158.952820, -157.333969, -159.089996
-157.745789, -153.777237, -156.921417, -162.937256
-155.449142, -137.327011, -150.509857, -136.816086
-127.652687, -231.832245, -127.517845, -231.540161
-147.135422, -237.815842, -147.006622, -237.880249
-146.992874, -237.893326, -145.814896, -237.776871
-160.359482, -297.628174, -160.238052, -299.853638
-179.640274, -304.686981, -179.562378, -304.946686
-179.562317, -304.973480, -179.588242, -305.259216
-179.823074, -305.415741, -180.082779, -305.337830
-181.984131, -311.666687, -181.828354, -311.848511
-181.828476, -312.109314, -182.062149, -312.213257
-193.245728, -345.354095, -193.174454, -347.420502
-183.196075, -393.374847, -173.847839, -392.714905
-178.713058, -364.886566, -178.404160, -371.465668
-157.256470, -348.059143, -157.328781, -348.456787
-157.328842, -348.457520, -157.328842, -348.891357
-160.877579, -348.566040, -160.660904, -348.746613
-160.624252, -348.747223, -160.515854, -349.036224
-102.264130, -341.775726, -102.671600, -342.183258
-102.671631, -342.183868, -102.366104, -342.591156
-135.277771, -359.953125, -134.053787, -359.983734
-231.788330, -348.016327, -227.365570, -347.676056
-127.517349, -231.539413, -127.382820, -231.404953
-160.515732, -349.037048, -160.515732, -349.289703
-157.333527, -159.090576, -157.165619, -160.224091
-157.165466, -160.225006, -157.150452, -160.326462
-179.588684, -305.259888, -179.822327, -305.415558
-181.828110, -311.849213, -181.828110, -312.108734
-142.916916, -181.224716, -142.739960, -181.419342
-142.722153, -181.454926, -142.651398, -181.631821
-151.003922, -236.612930, -147.538620, -236.250656
-160.596069, -292.686066, -160.471710, -295.579346
-188.423172, -334.118774, -188.358307, -334.040955
-188.163177, -334.040894, -188.046387, -334.092834
-187.955246, -334.157959, -187.877380, -334.261749
-187.877319, -334.261932, -187.877319, -334.339752
-177.190491, -350.399902, -177.232376, -350.797852
-177.232376, -350.798035, -177.211441, -350.923553
-185.658051, -354.547791, -185.543671, -356.116241
-157.220444, -348.057892, -157.250259, -348.266663
-157.250259, -348.654938, -157.190582, -348.923401
-166.024994, -343.329193, -166.009872, -343.011780
-166.070389, -342.588135, -166.145950, -342.346344
-140.137360, -337.732849, -140.288513, -336.069977
-179.651917, -341.807343, -179.893616, -341.807343
71.244865, -39.343754, 70.700005, -29.088392
71.195473, -28.935135, 70.947647, -22.050182
70.600693, -22.045620, 70.452003, -15.755470
70.441071, -16.147993, 70.285759, -5.022190
76.805328, -4.758257, 80.429413, -4.645880
80.459366, -4.700073, 80.403427, -3.550967
83.133316, -4.617612, 85.744919, -4.505276
85.805138, -4.308260, 94.350998, -4.027145
79.615784, 3.873885, 79.615784, 3.287272
79.617767, 3.257228, 81.076271, 3.313317
81.078102, 3.315397, 81.050285, 3.930134
77.311569, 4.016264, 78.910690, 3.819876
77.252266, 4.018168, 76.973160, 4.436714
80.408096, -3.604987, 82.848114, -3.492818
85.746902, -4.503095, 85.746902, -4.282200
93.886803, 5.276637, 93.851822, 3.496119
93.852859, 3.458097, 94.235550, 2.971080
94.238274, 3.004766, 97.417976, 3.109601
70.431900, -4.925383, 72.777718, -4.844490
123.485085, 11.091566, 122.710564, 11.052835
94.103668, 6.103966, 125.183655, 6.903829
123.531410, 11.114896, 123.473518, 12.732777
123.763367, 21.536119, 123.878426, 21.996176
123.356140, 22.808275, 122.838249, 22.808275
119.592880, 26.629436, 114.269623, 26.745169
112.587471, 26.687332, 106.916840, 26.745169
103.092529, 26.918917, 98.579819, 27.034647
96.550293, 27.092573, 94.006042, 27.092573
71.839180, -44.067219, 71.990082, -43.362766
123.878014, 21.999224, 123.416351, 22.864767
71.991745, -43.360012, 72.595764, -42.806290
14.661511, -12.342885, 16.175020, -12.269413
14.307015, -5.735226, 14.454062, -8.220208
14.293525, -5.630828, 15.232965, -5.586800
13.822502, 1.684723, 14.923856, 1.743471
14.925069, 1.744836, 14.895803, 2.198538
14.897005, 2.200020, 15.100500, 2.229095
14.455538, -8.221471, 15.527352, -8.192109
15.101737, 2.230677, 15.072400, 3.037545
15.070822, 3.118784, 15.060899, 3.912168
15.059687, 3.913368, 14.574673, 3.913368
14.562321, 4.251564, 13.719204, 4.241641
17.193321, 5.786716, 17.568398, 5.789320
17.189978, 5.790676, 17.145689, 7.401594
17.146254, 7.409508, 17.419205, 7.421903
17.337858, 8.961317, 17.077421, 8.961317
17.019768, 10.607741, 17.298725, 10.618070
17.308607, 10.605912, 17.269733, 12.186205
17.080654, 8.962619, 17.018623, 10.606495
14.573434, 3.914668, 14.563560, 4.250276
17.420321, 7.423261, 17.339123, 8.960017
17.573687, 5.789693, 17.689861, 4.132316
17.158863, 3.848307, 17.150499, 4.092479
17.154364, 4.092247, 17.688570, 4.128699
16.771170, 12.175393, 16.771170, 14.023894
16.776800, 14.041039, 17.148270, 14.053030
17.149361, 14.054161, 17.137306, 15.699236
17.268650, 12.182061, 16.772360, 12.174314
17.421106, 15.761054, 27.566349, 16.013632
17.140409, 20.560974, 27.552315, 20.855669
27.556492, 16.007547, 27.588270, 15.205201
28.018372, 15.219125, 28.026297, 14.807013
28.027308, 14.806030, 28.710209, 14.821918
27.545736, 21.636770, 27.545736, 20.864368
27.586441, 21.637819, 27.941866, 21.657560
31.475420, 14.855211, 31.475420, 14.512376
32.044804, 16.138344, 32.052826, 15.434619
34.678413, 21.663263, 36.518269, 21.672956
36.519260, 21.671865, 36.519260, 21.092316
27.589399, 15.204241, 28.017262, 15.220085
32.028378, 16.151327, 42.833599, 16.451418
42.582294, 21.079481, 42.061829, 46.063305
46.493893, 25.502230, 46.531235, 24.381708
46.942055, 13.650461, 46.973591, 12.704123
32.404148, 21.050169, 36.518269, 21.109785
36.520252, 21.109823, 42.578857, 21.197618
42.580841, 21.197657, 42.721436, 21.199686
36.602314, 15.638657, 35.007267, 15.611160
36.616901, 16.257261, 36.630604, 15.625710
27.976601, 22.021749, 27.976601, 21.635242
27.977394, 22.084654, 28.767517, 22.100147
32.378277, 21.726315, 32.414532, 21.086298
32.377453, 21.763424, 31.991657, 21.763424
31.977964, 22.211275, 31.277420, 22.162973
46.360981, 28.795971, 47.875107, 28.819624
47.875931, 28.818846, 48.017967, 25.599546
31.990847, 21.764317, 31.978773, 22.210543
48.017105, 25.598701, 46.479397, 25.504066
42.233128, 48.617336, 42.122364, 53.381065
42.065243, 46.503319, 40.904945, 46.466492
42.065937, 46.484211, 42.065937, 45.877098
40.935772, 48.630131, 42.225582, 48.642914
40.922852, 46.467850, 40.941132, 48.623184
46.190765, 44.382156, 50.007637, 47.913055
45.788330, 52.542767, 46.532158, 51.798939
45.789005, 52.558960, 48.922192, 55.769016
42.109653, 54.780540, 43.255154, 54.800533
46.203529, 44.337460, 46.381935, 28.796793
42.125214, 53.257698, 42.125561, 53.183643
42.118198, 54.780201, 42.125214, 53.258690
43.301464, 59.747047, 39.632069, 59.732250
43.266808, 59.726517, 43.277431, 54.777382
46.028461, 60.746204, 46.070950, 58.101986
46.028244, 60.704220, 42.565990, 64.028412
42.570732, 65.335075, 42.585522, 64.034348
42.426811, 70.848648, 43.480045, 70.885406
39.687111, 66.059677, 39.731155, 59.733047
42.598057, 64.072586, 42.574528, 65.002335
42.574497, 65.003128, 42.426529, 70.848251
49.714497, 56.510483, 48.906975, 55.757713
49.728485, 56.510490, 50.453842, 55.894623
50.453857, 55.894348, 49.180801, 54.498081
47.817135, 54.640842, 47.245415, 55.141106
43.492222, 70.846153, 43.623650, 64.760757
43.667152, 64.714012, 47.009075, 61.250317
47.891312, 73.480751, 45.924961, 75.314529
39.517502, 66.502472, 39.702320, 66.492210
39.702511, 66.491997, 39.681950, 65.998482
39.527588, 66.512985, 39.362953, 75.289803
47.009224, 61.249874, 47.212170, 55.188412
49.146412, 54.340843, 52.507915, 51.181843
52.508060, 51.202095, 53.905224, 52.558765
46.576931, 24.316643, 49.537766, 24.498848
83.745468, 58.380440, 83.806252, 57.711868
98.540039, 56.966362, 98.807678, 41.443214
-188.358032, -334.040863, -188.176376, -334.027863
-166.009903, -343.011505, -166.070343, -342.588318
-201.207474, -346.468872, -200.667099, -346.408478
14.661098, -12.344307, 14.764641, -15.929440
14.764652, -15.929840, 14.777927, -16.389498
53.894794, 52.548359, 54.695015, 51.688118
83.806458, 57.711769, 90.250671, 57.772564
-188.046143, -334.092987, -187.955460, -334.157745
-157.250275, -348.266937, -157.250275, -348.654663
-120.004547, -165.245468, -101.802490, -163.546524
-92.748360, -123.650444, -92.733742, -123.820618
-198.210892, -184.654480, -198.706436, -180.606995
-201.259857, -346.474701, -201.207901, -346.468872
116.965202, -85.352928, 116.991997, -85.219910
117.042046, -84.971581, 117.507111, -82.663307
-92.729240, -123.873085, -92.717064, -124.014786
-198.140656, -185.228134, -198.161545, -185.057495
-140.620377, -236.964615, -139.756775, -236.586960
-197.672958, -189.048218, -198.080551, -185.718994
-198.179855, -184.907990, -198.189560, -184.828690
116.931923, -85.518082, 116.965111, -85.353325
117.011993, -85.120720, 117.028496, -85.038773
-101.025146, -163.473953, -100.777267, -163.450836
-100.676918, -163.441437, -100.374443, -163.413223
-97.271477, -163.123566, -83.350922, -161.824280
-198.203934, -184.711319, -198.210831, -184.654907
-139.507187, -236.477768, -138.751404, -236.147278
-99.682930, -163.348663, -99.606430, -163.341537
-198.106049, -185.510818, -198.118744, -185.407104
-100.274673, -163.403900, -100.217102, -163.398544
-100.179207, -163.394989, -100.113945, -163.388916
-198.089020, -185.649857, -198.103073, -185.534988
-198.118805, -185.406677, -198.131332, -185.304306
-98.982925, -163.283310, -98.780975, -163.264481
-99.531563, -163.334534, -99.448463, -163.326797
-98.395958, -163.228531, -98.346275, -163.223907
-97.736282, -163.166946, -97.665649, -163.160370
-201.748306, -346.529297, -201.451447, -346.496002
116.778732, -86.278313, 116.798981, -86.177773
116.765808, -86.342453, 116.776649, -86.288597
116.707268, -86.632965, 116.719559, -86.571922
116.550087, -87.413292, 116.633888, -86.997101
144.189316, -221.481842, 144.182709, -221.394180
143.128922, -207.361313, 143.120514, -207.251266
144.320282, -223.223923, 144.312332, -223.119858
46.976742, 13.607059, 50.683823, 13.755342
