0.44791673299999996,77.071875,1.311979233,77.071875
3.056250033,77.071875,3.056250033,77.3921875
6.640104233,77.071875,6.640104233,77.3921875
5.7437500329999995,77.3921875,5.7437500329999995,77.071875
15.535937533,77.071875,1.423958333,77.071875
0.095833333,77.3921875,15.888020832999999,77.3921875
0.41614579999999995,72.928125,0.41614579999999995,72.528125
0.41614579999999995,72.5119792,0.41614579999999995,72.11197920000002
0.41614579999999995,72.11197920000002,0.7041666999999999,72.11197920000002
0.7041666999999999,72.11197920000002,0.7041666999999999,72.928125
0.7041666999999999,72.928125,0.41614579999999995,72.928125
0.41614579999999995,68.0,0.41614579999999995,67.6
0.41614579999999995,67.5838542,0.41614579999999995,67.1682292
0.41614579999999995,67.1682292,0.7041666999999999,67.1682292
0.7041666999999999,67.1682292,0.7041666999999999,68.0
0.7041666999999999,68.0,0.41614579999999995,68.0
0.08020833299999999,52.847916667,0.08020833299999999,67.535937467
0.08020833299999999,67.647916667,0.08020833299999999,72.399999967
0.08020833299999999,73.104166667,0.08020833299999999,76.688020767
0.0640625,52.847916667,0.0640625,67.535937467
0.0640625,67.647916667,0.0640625,77.423958267
0.8,77.407812467,15.183854199999999,77.407812467
0.0640625,77.423958267,15.9197917,77.423958267
0.8,77.3921875,0.8,77.4239583
0.8,77.4239583,0.08020830000000001,77.4239583
0.08020830000000001,77.4239583,0.08020830000000001,76.6880208
0.08020830000000001,76.6880208,0.09583330000000001,76.6880208
0.09583330000000001,76.6880208,0.09583330000000001,77.3921875
0.09583330000000001,77.3921875,0.8,77.3921875
0.09583330000000001,73.10416670000002,0.08020830000000001,73.10416670000002
0.08020830000000001,73.10416670000002,0.08020830000000001,72.4
0.08020830000000001,72.4,0.09583330000000001,72.4
0.09583330000000001,72.4,0.09583330000000001,73.10416670000002
1.4239583,75.7598958,1.4239583,77.071875
1.3119792,77.071875,1.3119792,75.871875
1.4239583,77.071875,1.4239583,75.7598958
0.41614579999999995,75.7598958,1.4239583,75.7598958
1.3119792,75.871875,0.41614579999999995,75.871875
0.41614579999999995,75.871875,0.41614579999999995,75.7598958
0.41614579999999995,75.7598958,1.4239583,75.7598958
0.41614583299999997,68.704166667,0.09583330000000001,68.704166667
0.41614583299999997,72.528124967,0.41614583299999997,77.071874967
0.41614583299999997,74.159895767,0.09583330000000001,74.159895767
0.09583330000000001,77.392187467,0.09583330000000001,53.919791667
0.09583330000000001,71.407812467,0.41614583299999997,71.407812467
0.09583330000000001,75.759895767,0.41614583299999997,75.759895767
0.41614583299999997,72.51197916699999,0.41614583299999997,67.599999967
0.41614583299999997,67.583854167,0.41614583299999997,62.671874967
6.6401042000000015,77.071875,9.34375,77.071875
9.34375,77.071875,6.6401042000000015,77.071875
6.640104234,77.18385416699999,6.704166767,77.18385416699999
7.071875067000001,77.18385416699999,7.119791767000001,77.18385416699999
6.704166767,77.18385416699999,7.071875067000001,77.18385416699999
5.743750067000001,77.071875,5.759895867000001,77.071875
5.6958333670000005,77.18385416699999,5.311979267,77.18385416699999
5.280208367,77.18385416699999,4.880208367,77.18385416699999
4.8161458669999995,77.18385416699999,4.416145867,77.18385416699999
4.368229267,77.18385416699999,3.983854267,77.18385416699999
3.919791767,77.18385416699999,3.519791767,77.18385416699999
3.471875067,77.18385416699999,3.1041667669999997,77.18385416699999
3.05625,77.071875,5.74375,77.071875
5.74375,77.071875,3.05625,77.071875
3.056249967,77.18385416699999,3.104166667,77.18385416699999
3.4718749669999998,77.18385416699999,3.519791667,77.18385416699999
3.9197916669999997,77.18385416699999,3.983854167,77.18385416699999
4.368229167,77.18385416699999,4.416145767,77.18385416699999
4.816145767,77.18385416699999,4.8802082669999995,77.18385416699999
5.280208267,77.18385416699999,5.311979167,77.18385416699999
5.74375,77.1838542,5.3119792000000015,77.1838542
4.8802083,77.18385416699999,5.280208267,77.18385416699999
4.416145767,77.18385416699999,4.816145767,77.18385416699999
3.983854167,77.18385416699999,4.368229167,77.18385416699999
3.519791667,77.18385416699999,3.9197916669999997,77.18385416699999
3.104166667,77.18385416699999,3.4718749669999998,77.18385416699999
5.743749967,77.071875,5.759895767000001,77.071875
0.41614579999999995,68.704166633,0.41614579999999995,71.407812433
0.304166667,71.343749933,0.304166667,70.97604163300001
0.304166667,70.928124933,0.304166667,70.528124933
0.304166667,70.480208233,0.304166667,70.08020823300001
0.304166667,70.031770733,0.304166667,69.631770733
0.304166667,69.568229133,0.304166667,69.183854133
0.304166667,69.135937433,0.304166667,68.768229133
0.304166667,71.343749933,0.304166667,71.407812433
0.304166667,70.928124933,0.304166667,70.97604163300001
0.304166667,70.480208233,0.304166667,70.528124933
0.304166667,70.031770733,0.304166667,70.08020823300001
0.304166667,69.568229133,0.304166667,69.631770733
0.304166667,69.135937433,0.304166667,69.183854133
0.3041667,68.7041667,0.3041667,69.1359375
0.304166667,69.18385416699999,0.304166667,69.5682292
0.304166667,69.6317708,0.304166667,70.0317708
0.304166667,70.0802083,0.304166667,70.4802083
0.304166667,70.528125,0.304166667,70.928125
0.304166667,70.9760417,0.304166667,71.34375
0.41614579999999995,71.4078125,0.41614579999999995,68.7041667
0.41614579999999995,74.159895867,0.41614579999999995,75.759895867
0.304166667,75.711979267,0.304166667,75.376041767
0.304166667,75.343750067,0.304166667,74.992187567
0.304166667,74.928125067,0.304166667,74.57604176699999
0.304166667,74.543750067,0.304166667,74.207812567
0.304166667,75.711979267,0.304166667,75.759895867
0.304166667,75.343750067,0.304166667,75.376041767
0.304166667,74.928125067,0.304166667,74.992187567
0.3041667,74.5760417,0.3041667,74.1598958
0.304166667,74.5760416,0.304166667,74.928124933
0.304166667,74.992187433,0.304166667,75.343749933
0.304166667,75.376041633,0.304166667,75.711979133
0.41614579999999995,75.75989573300001,0.41614579999999995,74.159895733
0.41614579999999995,67.1682292,1.3161458,67.1682292
2.7041666999999999,67.1682292,3.6041666999999999,67.1682292
5.6241667,67.1682292,6.2291667,67.1682292
6.2291667,67.1682292,6.2291667,69.1582292
6.2291667,71.1582292,6.2291667,72.9582292


