0, 131.42, -245.77, 1, 1
1, 131.76, -252.18, 2, 0, 2
2, 84, -255.22, 2, 1, 3
3, 74.2, -123.36, 2, 2, 10
4, 71.73, -87.27, 2, 5, 10
5, 68.7, -60.63, 2, 4, 6
6, 3.27, -60.97, 2, 5, 7
7, -0.77, -39.05, 2, 6, 8
8, -28.09, -40.06, 2, 7, 9
9, -30.11, -33.31, 1, 8
10, 72.8355, -102.09, 3, 3, 4, 11
11, -102.367, -116.97, 2, 10, 22
12, -142.654, -136.388, 2, 13, 21
13, -135.788, -217.008, 2, 12, 17
14, -182.962, -347.682, 2, 15, 20
15, -118.304, -339.951, 2, 14, 16
16, -119.182, -334.855, 1, 15
17, -134.198, -238.164, 2, 13, 18
18, -174.138, -243.908, 2, 17, 23
19, -177.963, -306.587, 2, 20, 23
20, -184.873, -323.188, 2, 14, 19
21, -135.949, -129.772, 2, 12, 22
22, -123.049, -123.273, 2, 11, 21
23, -176.5, -300.437, 2, 19, 18
