8.595587, -0.706334, -3.527200, -1.003199
8.620132, -0.745900, 8.758467, -5.989900
8.770511, -6.001600, 8.941688, -6.001600
9.005560, -6.121974, 9.844640, -22.376795
17.158747, 3.846800, 17.224255, 2.262400
17.756647, 2.278800, 17.822254, 0.814000
17.517223, 0.617900, 17.556677, -0.807100
17.568504, -0.817747, 17.850895, -0.793253
17.877495, -2.519700, 17.648205, -2.519700
17.727903, -4.114200, 17.997095, -4.114200
18.029896, -5.748002, 17.509104, -5.780298
17.498169, -5.792673, 17.592230, -7.261127
14.607347, -11.673711, 14.780453, -16.357395
14.769191, -16.368553, 14.502710, -16.357847
14.491354, -16.369005, 14.537045, -17.737095
14.653527, -17.795105, 14.687874, -19.731195
14.619170, -19.754404, 14.699030, -21.215197
16.143570, -21.263103, 16.461130, -27.551596
16.489069, -28.172804, 16.899630, -35.577496
9.772789, -22.209146, 7.889174, -22.298054
6.721400, -22.222054, 7.782800, -22.181547
6.670427, -22.347570, 3.750200, -22.491331
0.937200, -22.592445, -14.423991, -23.285553
1.001200, -22.593496, 1.001200, -22.250105
-14.867486, -31.422054, -6.078300, -31.041046
6.855574, -46.348553, 11.881992, -46.088245
6.844602, -46.418606, 7.104398, -50.487495
-15.514710, -47.945648, -23.907795, -48.380054
-15.503000, -48.014805, -15.503000, -48.920296
-7.840615, -48.624306, -7.783785, -49.703896
-14.503310, -23.272547, -27.174995, -23.875654
-2.736098, -48.079903, -1.964202, -61.227596
-7.896074, -46.159546, -23.387896, -46.931953
16.946604, -35.549007, 19.533396, -35.381592
19.545670, -35.392303, 20.076031, -44.697495
12.027269, -50.171906, 12.222829, -53.467396
12.234771, -53.482124, 16.937019, -54.713375
-0.556700, -63.154247, -4.133300, -63.265854
-1.669426, -65.387207, -1.473674, -69.723297
-1.461427, -69.734009, -0.247400, -69.623291
-0.431798, -70.505905, -0.095702, -76.501297
8.953914, -69.181808, 41.253395, -67.367691
20.072447, -44.781204, 20.498653, -54.680595
20.586504, -54.755253, 28.318296, -54.315548
28.330570, -54.326706, 28.476131, -56.829796
29.355869, -56.800396, 29.272131, -56.383003
33.033123, -56.206257, 33.144375, -56.595242
34.027809, -56.447895, 33.853394, -54.062305
45.470654, -65.287796, 45.443348, -64.775208
71.833694, -44.031204, 72.317711, -55.241997
72.076591, -55.568806, 74.139511, -84.328995
43.653694, -67.233803, 43.981606, -71.872498
43.135693, -71.942802, 43.251709, -73.779694
43.264206, -73.790405, 44.041496, -73.745094
43.617306, -79.347900, 44.465294, -79.347900
44.501293, -79.359505, 44.617306, -80.748993
54.566807, -100.405296, 54.065594, -92.763206
54.053097, -92.752495, 45.884106, -93.301704
45.453697, -92.824448, 44.638504, -92.918350
45.145908, -88.920799, 44.898491, -85.606606
44.885994, -85.595894, 44.042404, -85.659210
44.744560, -83.080399, 44.638939, -82.258507
43.866962, -82.311096, 43.685440, -80.774002
74.070892, -84.485504, 74.228508, -86.977394
78.304886, -94.333305, 79.257812, -99.517395
91.591202, -122.367706, 93.469795, -122.267593
98.156296, -121.894989, 96.243805, -122.163116
91.738304, -124.271706, 92.445694, -124.201889
92.458191, -124.212601, 92.771606, -127.699295
92.717896, -127.698288, 92.082108, -127.780716
92.028389, -127.865707, 92.212906, -129.804306
93.247993, -133.170883, 92.483208, -133.310608
92.472496, -133.324890, 92.642609, -135.133606
94.099693, -140.132385, 93.589508, -140.228821
93.578796, -140.243103, 93.660408, -141.268204
94.433098, -142.882690, 93.822906, -142.962418
95.265297, -162.847488, 94.726402, -162.906418
95.864998, -168.206985, 95.138603, -168.315918
95.127892, -168.330200, 95.276009, -170.179108
96.452499, -173.675980, 95.547401, -173.747620
95.536690, -173.787003, 95.685509, -175.819199
93.749893, -145.947189, 93.848007, -147.211609
94.954094, -150.912292, 94.105705, -150.999512
70.976593, -179.608002, 71.754005, -186.923401
71.005096, -179.554504, 68.772903, -179.390503
67.724495, -179.308502, 64.508102, -179.472504
100.818611, -122.251892, 100.740593, -121.541107
100.751305, -121.528610, 102.659096, -121.370796
105.414711, -122.060394, 105.384590, -121.636803
105.395302, -121.624306, 106.393394, -121.514389
108.127708, -121.964699, 108.065590, -121.349602
110.888809, -121.784195, 110.849396, -121.230408
113.589302, -121.475098, 113.589302, -120.941902
114.290894, -118.839905, 114.433304, -120.856895
95.707703, -175.593750, 97.796295, -175.433945
100.198990, -174.447296, 100.243607, -175.188110
100.256104, -175.200607, 102.089394, -175.107697
104.748283, -174.052795, 104.860718, -174.956009
104.874107, -174.968506, 106.800194, -174.875702
71.527885, -187.217010, 71.864517, -189.639191
72.114693, -193.931091, 72.360306, -198.700500
72.423996, -198.849304, 72.793404, -203.092896
72.795189, -203.643692, 73.195511, -207.763596
73.907799, -216.666092, 74.309898, -227.436401
100.833084, -195.636612, 100.995018, -196.743591
100.987762, -196.761444, 100.704941, -196.972763
100.696793, -196.992401, 100.800308, -197.900208
100.808342, -197.921631, 101.079857, -198.264877
101.156944, -199.367706, 100.941956, -199.767487
101.034935, -200.644730, 101.169266, -200.792374
101.351555, -202.104019, 101.123352, -202.447174
101.197754, -203.219116, 101.382545, -203.543686
101.418892, -203.566895, 101.492310, -204.715408
99.235397, -214.659714, 98.332603, -214.494980
98.318321, -214.503906, 98.143280, -215.372391
96.374985, -214.654861, 95.456619, -215.197342
95.453049, -215.213409, 95.825348, -215.817291
94.678391, -217.109451, 94.002312, -216.795456
93.988029, -216.800812, 93.682472, -217.645294
94.642288, -219.489258, 93.930214, -219.803238
93.924858, -219.819305, 94.274841, -220.543488
99.320389, -221.112762, 98.668411, -221.426743
98.661430, -221.442810, 98.930573, -222.179092
96.153534, -221.406616, 95.868660, -222.070786
100.593636, -219.039719, 100.341362, -219.720184
100.347610, -219.752548, 101.109688, -220.068344
93.721001, -217.773788, 94.530296, -217.933517
94.290619, -220.670563, 94.874878, -220.276749
96.829979, -222.315689, 97.004120, -221.569916
100.657715, -218.936356, 101.354591, -219.252151
100.050240, -216.703629, 100.541962, -217.387680
101.294647, -217.059387, 100.864655, -216.248306
100.849480, -216.242950, 100.183517, -216.656647
99.255928, -214.779205, 98.985573, -215.622894
95.923813, -215.840439, 96.669685, -215.443054
94.686226, -217.178818, 94.528275, -217.826584
99.353447, -221.160416, 99.720955, -221.762283
96.234604, -221.373672, 96.948692, -221.564224
94.661560, -219.510910, 94.979439, -220.226791
101.421227, -219.296707, 101.160568, -220.043991
103.690590, -234.081299, 103.771111, -235.279709
103.766647, -235.338211, 103.589157, -235.669693
103.584694, -235.692902, 103.618210, -236.162003
103.890594, -236.575195, 103.971107, -237.844299
103.965752, -237.867508, 103.719452, -238.269592
103.768333, -238.924423, 104.058067, -239.212479
104.066994, -239.233902, 104.124107, -240.185303
104.690590, -225.861191, 104.725807, -226.418396
104.718666, -226.439819, 104.466736, -226.699173
104.459595, -226.720596, 104.476311, -227.093002
104.801491, -227.358200, 104.873604, -228.423599
104.868248, -228.445023, 104.612747, -228.824570
104.708717, -229.173309, 104.920181, -229.306885
104.930893, -229.326492, 104.984505, -229.828201
74.978493, -263.444305, 72.181007, -263.715302
105.684509, -268.661774, 105.350395, -265.573212
105.499413, -265.399994, 105.416283, -264.782104
105.424316, -264.764252, 105.621384, -264.626831
105.306908, -260.740204, 107.266792, -260.577698
109.912407, -260.350098, 111.731392, -260.220093
114.387901, -260.035797, 116.347794, -259.894989
105.374596, -240.839401, 105.391411, -241.149704
105.635391, -241.323700, 105.745308, -242.639908
105.940392, -243.736374, 105.626511, -243.841034
105.623833, -244.179428, 105.747467, -244.310669
105.784187, -244.332092, 105.792114, -244.539902
105.663292, -244.667404, 105.680107, -244.893799
114.594810, -259.695190, 114.382996, -257.031921
112.248001, -260.377106, 114.461998, -260.234711
107.244606, -260.600800, 109.763695, -260.417786
107.285606, -245.807495, 146.777206, -243.045303
106.002693, -270.254303, 106.094604, -271.451294
106.083893, -271.465576, 105.788406, -271.552216
105.741982, -272.063202, 105.924126, -272.857178
106.555595, -277.171204, 106.750710, -280.523895
76.391891, -294.236511, 76.574806, -297.130585
76.297195, -294.123108, 74.657303, -294.225800
116.824501, -257.714813, 117.816597, -257.679810
121.415604, -256.863892, 121.399895, -256.622803
121.410606, -256.577087, 124.223099, -256.349487
117.615105, -259.797485, 123.521095, -259.363708
123.109108, -258.307281, 123.044189, -257.294098
123.633301, -259.374786, 128.481705, -259.052185
124.344193, -256.395203, 124.532204, -259.068878
128.983200, -258.982605, 131.184204, -258.802704
131.200272, -258.813416, 131.417923, -259.590179
133.119202, -259.488983, 133.119202, -258.521118
133.075500, -258.510406, 133.477707, -258.487915
133.761292, -258.667786, 135.388901, -258.566589
135.652695, -258.725891, 143.910400, -258.316315
57.053394, -64.201302, 57.088608, -64.585197
57.077896, -64.597694, 45.536404, -65.225006
14.166689, -35.625248, 6.293700, -35.978653
-6.034973, -33.687546, -15.034088, -34.130455
-23.526104, -46.904446, -29.253195, -47.211655
-29.265692, -47.200497, -29.435007, -44.930405
-29.447504, -44.919247, -34.489994, -45.192154
-37.509205, -24.701992, -39.430798, -24.832706
-39.442402, -24.845203, -39.442402, -26.059595
-42.712654, -26.348003, -42.580948, -29.683895
-42.572021, -29.703756, -42.367981, -29.908243
-42.326904, -30.492662, -42.966694, -30.577938
73.800209, -216.347900, 73.196594, -207.864899
72.173706, -193.985199, 71.954895, -190.039093
-62.108109, -34.597805, -61.627693, -41.808197
-61.519154, -43.278103, -61.091347, -51.667397
-33.951797, -27.685631, -29.022903, -27.421970
-28.403397, -27.403807, -26.455704, -27.239992
-25.944107, -23.974504, -25.701092, -27.234596
-26.290096, -27.422930, -25.825905, -27.394270
-26.345818, -27.409365, -26.397882, -27.270935
-28.385344, -27.436905, -28.377558, -27.553295
-28.388405, -27.565792, -28.837496, -27.598907
6.053573, -31.066830, 13.962985, -30.661970
13.975371, -30.672905, 14.260732, -35.523994
42.497555, -49.434998, 41.245045, -26.130505
42.416794, -49.447071, 40.002804, -49.585430
39.991199, -49.597504, 39.991199, -50.200996
39.940296, -50.168545, 37.905903, -50.269253
40.155994, -52.211903, 40.281307, -53.585796
144.044098, -258.303101, 158.837006, -257.431488
158.849503, -257.442200, 159.267899, -265.056274
186.457703, -226.438095, 187.224701, -237.479904
191.047104, -223.119095, 191.366806, -228.010605
192.403900, -242.784500, 192.814499, -249.211609
191.876007, -235.335403, 192.169296, -239.826797
193.811600, -249.647202, 193.987503, -251.968399
193.049103, -252.110703, 193.811600, -264.404999
213.695602, -215.744598, 213.988907, -220.587997
144.320297, -223.223495, 143.120499, -207.251694
144.441299, -223.170013, 151.830307, -222.445786
154.766403, -222.283020, 159.403610, -221.899979
159.417892, -221.908905, 159.505310, -222.433289
106.290001, -209.949310, 107.781593, -209.743988
110.312004, -209.531418, 111.646797, -209.378281
114.281708, -209.322510, 114.832993, -209.273880
117.050003, -208.956909, 118.384796, -208.803787
114.166496, -209.859100, 115.679405, -224.720505
105.193207, -225.671417, 115.668694, -224.839188
115.915588, -174.690308, 116.139915, -176.036392
109.363579, -173.265717, 109.529121, -174.098984
112.154785, -173.322708, 112.265213, -173.928085
114.888992, -172.982590, 114.944206, -173.527405
114.899704, -173.598679, 116.585999, -173.766113
102.010201, -192.046600, 102.010201, -190.362198
105.383705, -189.722794, 106.158295, -189.722794
109.258507, -189.494904, 110.032997, -189.437897
112.962303, -189.379211, 114.135796, -189.268784
116.438202, -188.923309, 117.611694, -188.755981
103.208588, -206.771210, 103.375916, -207.832489
103.433807, -208.881302, 103.378593, -209.654099
116.447495, -179.204895, 116.501205, -180.400909
116.780594, -186.253693, 116.889809, -187.394302
96.333107, -173.528900, 96.085495, -170.188004
95.834404, -167.981400, 95.586891, -164.702805
95.647408, -162.059906, 95.462196, -157.783997
95.449699, -157.771500, 94.849602, -157.771500
94.884201, -156.616425, 95.271492, -156.586777
95.282364, -156.573303, 95.220634, -154.956192
95.208298, -154.943695, 94.663101, -154.912094
94.568405, -153.836609, 95.145195, -153.745483
95.050392, -152.164703, 94.221001, -152.133102
93.936806, -147.175201, 94.734596, -147.175201
92.338203, -129.852997, 93.166199, -129.819000
93.972504, -144.016403, 94.528099, -144.016403
93.734108, -141.292694, 94.255699, -141.326706
92.746803, -135.131989, 93.302399, -135.196518
93.359604, -135.744888, 93.813095, -135.809418
93.887703, -145.738419, 94.574097, -145.612991
94.197708, -142.760101, 94.134995, -141.559296
94.068710, -140.114899, 93.747894, -135.817398
93.735397, -135.804901, 93.178001, -135.804901
93.090294, -135.224304, 92.855408, -135.224304
193.899399, -264.662415, 194.477997, -274.310974
79.532501, -99.734314, 83.732498, -99.168083
90.207901, -98.762314, 99.368492, -97.693283
99.391701, -97.689713, 104.044197, -96.939186
114.352203, -118.875511, 116.762497, -118.552986
104.756401, -96.764893, 104.793900, -93.076805
104.793007, -93.053596, 104.157494, -87.078705
112.715508, -96.999619, 116.178696, -96.515884
120.325607, -92.242287, 121.801895, -92.426117
122.125008, -92.801910, 125.775597, -92.578796
125.460510, -91.522842, 126.526291, -91.008759
126.548607, -90.440109, 131.135498, -90.179489
135.582306, -91.159546, 140.021988, -93.921150
144.281403, -94.752197, 148.305099, -94.827103
148.330093, -94.826210, 160.975998, -93.703392
104.118706, -96.910118, 104.739899, -96.821686
124.202507, -118.986893, 124.147995, -117.968903
124.158707, -117.956406, 126.836998, -117.845596
127.001007, -119.983398, 127.765694, -120.011597
127.779083, -120.023201, 127.859917, -120.478394
129.632812, -120.393997, 129.523880, -119.882507
130.593185, -119.854301, 130.645920, -120.253296
130.660202, -120.264008, 132.351807, -120.153191
132.362518, -120.140694, 132.281693, -119.741806
132.292404, -119.729309, 133.393005, -119.618492
133.407288, -119.629204, 133.460022, -119.971794
135.034973, -119.915596, 134.927933, -119.460403
136.305878, -119.347801, 136.386719, -119.859299
137.765610, -119.718597, 137.712982, -119.263405
137.721909, -119.250015, 138.460281, -119.140984
138.469208, -119.127594, 138.388290, -118.588005
138.399002, -118.575508, 140.625305, -118.323990
143.255005, -118.958794, 143.283096, -118.194008
147.785706, -118.733597, 147.757599, -117.856308
147.798203, -117.842918, 148.673706, -117.733887
156.877090, -109.864204, 157.070511, -112.176697
155.441345, -112.340607, 155.579544, -114.146599
155.591507, -114.163559, 155.738983, -114.237244
155.881470, -115.010536, 155.674133, -115.191368
157.274002, -109.614410, 177.184006, -108.034096
148.794601, -117.741905, 149.940903, -117.695595
149.943085, -117.796707, 150.561417, -124.856293
150.826584, -128.527512, 151.151016, -130.228485
151.163513, -130.237411, 151.921295, -130.117889
156.222382, -120.032204, 156.392120, -121.799896
158.899292, -121.490402, 161.255920, -145.887299
152.835083, -132.996994, 153.618210, -141.298096
154.375687, -141.257599, 154.470520, -142.150406
152.452393, -131.933807, 153.476410, -131.806290
153.490692, -131.817001, 153.585419, -132.808105
150.580185, -125.209785, 150.439606, -125.234116
150.622620, -125.157295, 150.592682, -124.890106
150.397186, -125.286606, 150.745407, -128.585510
152.148590, -129.537918, 153.251602, -129.431778
153.319504, -130.314392, 150.587097, -130.603317
150.576385, -130.617599, 150.813019, -133.360397
143.325302, -207.060211, 165.749298, -205.316788
161.326492, -145.938599, 162.942413, -162.906906
154.219788, -147.171402, 155.328110, -158.990906
156.129379, -158.919189, 156.222519, -159.691910
154.411804, -142.223587, 153.660492, -142.318512
153.649780, -142.332794, 154.028915, -146.200409
154.907288, -146.148895, 154.980209, -146.987701
154.969498, -147.001984, 154.218201, -147.096817
112.661194, -96.880699, 112.736404, -95.172005
114.750206, -94.852501, 116.304993, -94.890999
120.653999, -92.004501, 118.329506, -91.927498
118.306297, -91.929283, 116.405205, -92.195114
116.394493, -92.185295, 116.662109, -88.051903
116.661217, -88.028694, 116.549286, -87.436104
116.550179, -87.412895, 117.507019, -82.663704
117.498093, -82.652992, 109.477501, -83.267006
115.034897, -84.230896, 107.553101, -84.921906
106.413795, -82.614494, 103.858406, -82.843605
103.846802, -82.856102, 103.769798, -85.449997
163.128891, -162.997818, 186.325806, -160.966492
155.936188, -164.448502, 156.531113, -170.229004
156.772293, -164.243896, 156.772293, -163.431000
155.693222, -163.525696, 155.397583, -159.899902
155.406509, -159.885620, 156.043381, -159.769485
186.547104, -160.863022, 188.856201, -160.607285
188.870483, -160.617996, 188.978012, -161.963806
188.969086, -161.981659, 188.620010, -162.193146
188.931992, -166.497986, 188.397705, -166.605515
188.388779, -166.619797, 189.089111, -175.227097
189.103394, -175.239594, 189.671204, -175.276703
170.134399, -184.380310, 187.669403, -182.807281
164.183609, -185.145081, 135.286194, -188.185913
190.177399, -179.558899, 194.438599, -179.234207
195.876099, -179.104294, 196.338196, -179.088104
187.861282, -182.802292, 188.361008, -188.427307
175.575714, -173.688705, 175.415085, -172.001190
175.425797, -171.988693, 176.104507, -171.941803
176.221802, -173.656082, 175.589996, -173.722916
179.238510, -171.985992, 179.185989, -171.595917
181.953781, -171.373291, 181.987610, -171.740997
184.082108, -172.994003, 183.936081, -171.261093
184.476593, -171.205002, 184.607498, -172.956604
200.449600, -220.271393, 191.044296, -221.224518
199.484207, -206.958084, 198.416504, -207.067917
198.488693, -208.212112, 199.061508, -208.164185
201.360199, -210.493790, 198.705093, -210.737610
198.684082, -210.751892, 198.783615, -211.798996
196.377701, -179.074997, 198.028702, -208.122406
166.076599, -205.322708, 185.754196, -203.657684
196.125702, -181.680801, 196.217697, -182.942703
196.634109, -185.270386, 196.291397, -185.297409
196.278900, -185.311691, 196.355499, -186.604309
196.848602, -188.931808, 196.490601, -188.959198
196.567200, -190.094498, 196.971207, -190.079193
197.066803, -192.594162, 196.702393, -192.622040
196.780197, -193.742401, 197.173904, -193.722900
197.300507, -196.110184, 196.935989, -196.145508
197.013901, -197.471497, 197.378403, -197.451996
197.466003, -199.887878, 197.159897, -199.913513
197.140793, -199.965591, 197.185104, -201.102402
197.667709, -203.518494, 197.293701, -203.547104
197.281204, -203.561295, 197.345001, -204.749100
17.862724, -0.804000, 17.888876, -2.508000
18.009150, -4.126000, 18.061354, -5.750200
17.604603, -7.273184, 17.755096, -7.278019
14.548655, -17.752075, 14.642143, -17.780153
14.711499, -21.226364, 15.951686, -21.203823
1.013000, -22.238050, 2.456000, -22.173546
-6.066338, -31.052303, -6.008159, -33.731495
-0.083200, -76.512001, 9.793086, -75.923195
28.488504, -56.840950, 29.346497, -56.812447
33.159203, -56.604599, 34.017097, -56.461285
45.455292, -64.775764, 57.026897, -64.178093
44.054001, -73.755905, 44.287609, -76.863998
44.625896, -82.247803, 43.879906, -82.321808
96.233101, -122.176605, 96.299210, -122.968292
93.812202, -142.976807, 93.893707, -143.901810
94.715698, -162.920807, 94.888710, -164.732208
94.095001, -151.013901, 94.202110, -152.260010
108.076401, -121.337997, 108.914894, -121.306000
110.860207, -121.217003, 111.722992, -121.055687
113.601006, -120.929398, 114.360794, -120.889992
100.937500, -199.790802, 101.026009, -200.623306
101.179100, -200.813904, 101.341011, -202.082596
101.118004, -202.468704, 101.176407, -203.195908
96.675896, -215.426895, 96.342064, -214.697510
99.717300, -221.778397, 99.014915, -222.200943
103.625404, -236.183502, 103.883453, -236.553772
103.714104, -238.292908, 103.747604, -238.903000
104.487106, -227.112701, 104.790779, -227.338562
72.168503, -263.704498, 71.345093, -249.415100
105.630302, -264.608887, 105.296196, -260.750916
105.402206, -241.167603, 105.624680, -241.305847
105.783798, -244.559601, 105.671326, -244.647766
114.393806, -257.021210, 117.024696, -256.848297
105.775902, -271.566589, 105.740196, -272.041779
105.927704, -272.878693, 106.113304, -275.875092
117.828201, -257.690613, 117.810699, -259.296997
131.434097, -259.600891, 133.117905, -259.499695
6.281295, -35.967396, 6.004300, -31.131405
-39.454105, -26.072100, -42.701496, -26.335506
-25.814075, -27.381897, -25.811224, -27.244904
193.974899, -251.982697, 193.061600, -252.096420
151.844604, -222.454803, 151.886520, -222.751694
109.543503, -174.109695, 110.374893, -174.052795
112.278702, -173.938797, 112.996094, -173.938797
115.947990, -174.709091, 116.007126, -175.232391
116.008926, -175.257599, 116.112709, -176.182709
94.837997, -157.758896, 94.837997, -156.724304
94.650597, -154.899490, 94.557693, -153.850891
95.155899, -153.731094, 95.062889, -152.177200
94.907410, -150.889008, 94.587944, -147.187805
94.584801, -145.598602, 94.522095, -144.075394
93.230011, -133.082809, 92.975433, -129.839722
116.199303, -96.505997, 120.117577, -93.148232
131.158798, -90.181297, 135.560883, -91.150620
126.849503, -117.856407, 126.988510, -119.971794
134.937805, -119.447899, 136.291595, -119.337090
136.401108, -119.870003, 137.754898, -119.731094
143.295700, -118.181503, 145.071701, -118.042595
155.751495, -114.254303, 155.888611, -114.990898
155.667007, -115.211105, 156.001114, -118.818092
153.632599, -141.308792, 154.361404, -141.246887
153.574600, -132.822403, 152.878601, -132.884415
154.043304, -146.211105, 154.893005, -146.138184
112.749001, -95.158600, 114.726997, -94.854286
189.685501, -175.289307, 190.126511, -179.524704
196.350693, -179.100708, 196.448105, -181.332306
176.117004, -171.954407, 176.234299, -173.641800
181.976791, -171.755295, 179.252792, -172.013611
183.946899, -171.246796, 184.464096, -171.194290
184.069458, -172.985016, 184.002899, -172.987793
198.404007, -207.082306, 198.476196, -208.201401
196.230301, -182.955200, 196.526901, -182.939896
196.368103, -186.616806, 196.741409, -186.601501
196.478104, -188.973404, 196.554703, -190.082001
196.923492, -196.159897, 197.001404, -197.459000
17.236404, 2.251543, 17.744497, 2.289659
17.637276, -2.531500, 17.715624, -4.102427
-15.491188, -48.931450, -7.853000, -48.613152
7.107794, -50.355984, 12.014787, -50.160751
29.281603, -56.370949, 33.018295, -56.195549
33.864204, -54.049801, 40.269394, -53.586182
91.598633, -122.379333, 91.725800, -124.260895
95.888351, -222.056030, 96.816612, -222.318466
100.559906, -217.391205, 101.289200, -217.075500
104.609596, -228.844299, 104.695801, -229.155396
105.357605, -265.555298, 105.493095, -265.417908
105.615799, -243.857208, 105.615799, -244.157898
-42.358601, -29.928204, -42.316200, -30.479397
93.314903, -135.210907, 93.347099, -135.730499
93.165497, -135.792297, 93.102798, -135.236908
83.755806, -99.165398, 90.184593, -98.764999
126.537003, -90.991699, 126.537003, -90.452705
140.043503, -93.930099, 144.258102, -94.749496
127.873405, -120.489098, 129.621994, -120.406502
129.534698, -119.870903, 130.578796, -119.842697
133.474411, -119.983398, 135.025101, -119.927200
156.399246, -121.735481, 158.884903, -121.479698
153.265244, -129.442596, 153.330856, -130.300003
155.342499, -159.001602, 156.114990, -158.908493
155.945206, -164.434204, 156.761490, -164.258194
156.759689, -163.420303, 155.707611, -163.536392
188.611099, -162.211105, 188.940903, -166.483597
179.196808, -171.583405, 181.939392, -171.362595
184.594894, -172.969101, 184.094666, -172.985016
196.689896, -192.635300, 196.767700, -193.729797
46.310265, -130.346375, 22.713449, -132.354263
46.380123, -130.356995, 47.470268, -142.917969
35.944164, -101.696098, 22.006542, -102.864212
22.607658, -132.269547, 5.238492, -133.825867
-19.535637, -135.533264, -45.034176, -137.672775
-8.319647, -104.806511, -21.711866, -106.029358
-24.907284, -106.198090, -39.468430, -107.643593
-1.398312, -104.665123, -2.090948, -96.885857
-2.156812, -96.875420, -8.599951, -97.301178
-54.673679, -98.702728, -54.461670, -102.046684
-54.472107, -102.058861, -64.442322, -102.965561
-25.537003, -98.606590, -25.417356, -99.524605
-25.427141, -99.536781, -28.717169, -99.862213
-32.203400, -99.097351, -32.083317, -100.015366
-32.093319, -100.028412, -32.970436, -100.188522
-34.739002, -99.301834, -34.618919, -100.260750
-39.728409, -99.629013, -39.608330, -100.710609
-39.618332, -100.722786, -42.090424, -101.007324
-34.629021, -100.273811, -35.424244, -100.393005
-61.108257, -148.574387, -61.886444, -139.629532
-60.794567, -151.016251, -60.094372, -159.025208
-60.184101, -160.639603, -59.461338, -168.710800
-64.568085, -102.987732, -68.668449, -103.381348
-71.232307, -103.496017, -91.146088, -105.470970
-61.898613, -139.619202, -80.749977, -141.253555
-44.328747, -137.782028, -41.602959, -166.981277
-81.076462, -141.295044, -89.355637, -142.128189
-118.452942, -96.451180, -117.360664, -111.616013
-97.152458, -133.583069, -96.703697, -137.870728
-97.164421, -133.508469, -98.622292, -133.698105
-98.837570, -143.161255, -123.526474, -145.474503
-89.367607, -142.117828, -89.880707, -137.444183
-158.355972, -148.408493, -174.188324, -149.843460
-123.957977, -145.777390, -123.119499, -153.735413
-78.037193, -161.171616, -77.376076, -167.997009
-157.253983, -168.120911, -168.166641, -169.332672
-168.176712, -169.346100, -167.738205, -172.967987
-88.471672, -183.913635, -86.854561, -202.390564
-120.004150, -165.245407, -83.351318, -161.824341
-163.308456, -250.522827, -89.716614, -243.911041
-164.537201, -250.781830, -161.759628, -279.714081
-188.659286, -250.421783, -186.994446, -270.774841
-81.701859, -228.452850, -80.666420, -240.183640
-154.433685, -114.717918, -169.528458, -115.987839
-150.203781, -158.788284, -147.409348, -158.564743
-146.612991, -163.073730, -144.313538, -162.806900
-144.130951, -164.100403, -143.342300, -164.100403
-147.397491, -158.573730, -147.141602, -161.659271
-144.301682, -162.815887, -144.142792, -164.090042
-157.161804, -134.873825, -167.358154, -135.962784
-171.740097, -344.143707, -135.274124, -339.157654
-142.988892, -172.801239, -147.300278, -173.206039
-142.977539, -172.784271, -142.649170, -176.229401
-172.636902, -344.095428, -171.844727, -344.182861
-156.284470, -347.800354, -172.120590, -349.941315
-168.490585, -374.318237, -152.937668, -372.335358
-149.822678, -371.900085, -133.931213, -370.062317
-129.234665, -334.179596, -107.733444, -331.788422
-152.442810, -347.137695, -137.527191, -345.251617
-3.865330, -30.952507, -5.388587, -33.491413
-6.320612, -46.175156, -4.209542, -46.090687
-3.685123, -46.436203, -2.846141, -47.190964
8.221003, -55.542503, 8.305173, -57.058125
8.313635, -55.534569, 9.403696, -55.534569
10.092672, -73.665138, 10.177143, -75.691261
41.618073, -53.418022, 59.309166, -52.190369
-70.611725, -121.369446, -92.727547, -123.628983
-68.032898, -110.308151, -39.398224, -107.642204
-24.791840, -106.148262, -21.822531, -106.028465
24.777002, -54.938698, 24.962318, -57.472168
21.861425, -102.726654, 21.458714, -97.318291
19.315281, -103.081314, 13.387659, -103.484024
23.519625, -54.790371, 23.708227, -57.617325
23.720024, -57.544746, 24.990082, -57.544746
24.750048, -54.649673, 24.789433, -54.924484
47.296162, -100.990280, 36.120087, -101.797371
54.570534, -100.430717, 47.373608, -101.051277
12.229874, -114.979462, 4.970886, -115.413506
-1.975137, -97.687408, 5.262018, -97.098663
7.081594, -96.889305, 8.662610, -96.786362
33.966431, -65.526810, 34.064987, -67.544098
34.072712, -65.568367, 36.436947, -65.420815
55.473839, -100.319092, 62.487591, -99.701973
78.244652, -94.327797, 77.924576, -90.630821
74.299690, -87.041656, 77.563942, -89.862915
17.444311, -114.354439, 15.178115, -116.786011
-5.762212, -116.347954, -13.686127, -116.957497
12.179161, -114.989670, 12.188282, -115.065643
12.189986, -115.080124, 12.341269, -116.340263
60.613308, -66.428230, 61.239120, -66.383606
31.475405, -113.258850, 33.644318, -114.575424
27.726219, -113.546036, 25.788427, -115.664223
-22.745186, -117.799965, -30.482183, -118.450844
27.741535, -113.504539, 31.369806, -113.252411
17.535706, -114.342041, 22.235199, -113.992531
-146.208542, -139.680054, -145.976135, -143.383652
-133.751404, -155.902222, -133.611954, -157.839508
-133.567612, -157.946365, -133.935181, -159.374481
61.246334, -66.390114, 61.268642, -66.924438
-133.937317, -159.388474, -133.890839, -160.953796
64.379868, -111.639198, 61.711563, -111.839294
-7.623768, -104.642426, -8.082558, -98.770035
-49.738621, -119.777802, -44.647976, -119.273018
61.700180, -111.845161, 60.032948, -113.778999
-44.635792, -119.276764, -42.944954, -120.693817
48.015270, -112.059998, 54.236530, -111.545380
54.290668, -111.598488, 54.383389, -113.085083
36.295818, -112.950676, 41.438889, -112.576691
15.240158, -117.725990, 15.147959, -116.942551
-5.743716, -116.441246, -4.954203, -116.967850
-54.656700, -98.640953, -54.742054, -97.843269
-54.649178, -97.836006, -51.707680, -97.605278
-115.972206, -125.324188, -106.414764, -124.576660
-120.043114, -165.258728, -121.271858, -153.991318
-121.225647, -153.878143, -122.976631, -154.036484
20.242182, -102.685051, 19.817892, -96.584488
-39.187923, -119.012512, -34.948097, -118.694550
-119.051460, -125.605713, -124.049805, -126.501709
-124.149490, -126.621674, -128.453598, -128.730270
-148.629288, -150.460922, -147.771317, -158.232040
-145.187546, -167.156326, -143.882263, -168.620392
-143.825577, -168.713074, -143.903946, -169.342087
-144.018326, -169.620361, -145.158691, -170.203949
-142.837860, -176.377335, -143.631805, -177.171265
-143.368866, -179.864059, -143.342056, -181.216827
-143.522537, -184.602463, -142.437836, -184.734451
-142.508026, -184.768417, -142.219299, -185.319046
-142.162628, -185.412766, -142.216232, -188.775909
-143.819443, -189.805801, -143.427597, -190.172897
-143.635880, -177.183640, -143.423492, -179.447662
-148.368149, -150.588501, -146.302231, -150.282669
-188.853180, -250.087265, -189.622742, -239.481171
-19.063360, -135.589630, -7.892671, -134.700867
-149.468567, -145.559540, -146.577866, -146.098709
-149.522644, -145.614594, -149.229446, -147.913010
-143.226822, -184.365509, -143.226822, -183.887238
-142.539093, -182.902390, -142.684723, -183.579376
-116.429764, -125.252968, -117.085876, -127.143654
-118.875961, -125.680000, -119.492287, -127.298935
-121.282234, -153.784729, -122.148659, -145.509842
6.991852, -96.840912, 6.901220, -96.236595
6.893990, -96.169144, 5.611245, -96.291542
-143.275925, -164.184464, -143.197601, -165.093903
-144.086121, -165.944229, -145.115936, -166.062683
-116.448433, -125.324844, -116.084702, -125.324844
66.039284, -125.736916, 67.852661, -125.555290
66.216171, -125.834816, 66.397797, -128.377991
-8.592628, -123.949585, 4.020387, -122.905670
4.983821, -133.869553, 4.636394, -129.180786
-8.511196, -124.043175, -8.163842, -128.819473
-144.918579, -196.694122, -144.329697, -202.700577
-144.887848, -196.683685, -143.235458, -194.554932
-143.619629, -194.184967, -143.181824, -194.156845
-143.209946, -192.975616, -144.378998, -192.919357
-144.385773, -192.885147, -144.468765, -191.800476
-144.438721, -191.761047, -143.487701, -190.252762
-140.799545, -205.016602, -142.294693, -207.053314
-88.761963, -181.821808, -89.467987, -173.755188
-128.613861, -128.868942, -129.962509, -129.679169
-142.298172, -207.063858, -141.882690, -213.155853
-143.236404, -194.547043, -143.621292, -194.188507
-143.175735, -194.150650, -143.203857, -192.981812
-143.179794, -165.178391, -144.004715, -165.295990
-144.058426, -165.301971, -144.128311, -165.840561
-142.570953, -202.911469, -141.886337, -203.671204
-186.351181, -275.480621, -185.022949, -292.829498
-161.637177, -280.608154, -160.604248, -292.667786
-161.743271, -280.064117, -161.743271, -280.450653
-108.560265, -106.777992, -108.913589, -102.007736
-108.541550, -106.983154, -92.414635, -105.765244
-67.442551, -121.247215, -67.753059, -121.823265
-69.242340, -121.959198, -69.954674, -121.291122
-67.759827, -121.827835, -69.234169, -121.961998
-18.963238, -117.569878, -22.637903, -117.806839
-68.196648, -110.321495, -86.724510, -112.103195
-92.748329, -123.650841, -92.717094, -124.014389
-128.720108, -112.763191, -130.586151, -115.900948
-130.591278, -115.991714, -133.857178, -118.197090
-133.949219, -118.285927, -136.406372, -119.387657
-117.349487, -111.686539, -128.671463, -112.526688
-59.667118, -120.216248, -59.277580, -123.752434
-59.273045, -123.786224, -49.909748, -122.945824
-67.473045, -121.082932, -59.761761, -120.212494
-94.939377, -123.716599, -94.872490, -124.253586
-187.524521, -238.414246, -187.917984, -235.559998
-187.923096, -235.556244, -190.775986, -235.556244
-106.398064, -124.575157, -94.973244, -123.685951
-186.941605, -239.550552, -184.413620, -270.416504
-199.341034, -205.571625, -198.838303, -210.490677
-167.044647, -227.979340, -158.927338, -227.215210
-167.064606, -228.016800, -166.349304, -235.108200
-157.390808, -234.995560, -145.474380, -233.787399
-204.565048, -189.913254, -197.676407, -189.052307
-197.673019, -189.047791, -198.706375, -180.607422
-129.803467, -129.537231, -131.231750, -130.405075
-147.782288, -162.883728, -147.629974, -164.665421
-144.869492, -204.011520, -145.369934, -204.694427
-145.374084, -204.745499, -145.691055, -205.199036
-146.338455, -205.569656, -146.790970, -205.751068
-143.356186, -205.341324, -144.314346, -206.117020
-144.319534, -206.121170, -145.002441, -206.713364
-145.054016, -206.808746, -145.781754, -207.172623
-145.787979, -207.175217, -146.378113, -207.402496
-137.885269, -233.143906, -137.694534, -235.150208
-139.225052, -232.853149, -138.512146, -232.947998
-138.123428, -232.999054, -137.935806, -233.233566
-142.025864, -237.608780, -140.567657, -236.967545
-140.620010, -236.964432, -138.751770, -236.147461
-138.628906, -236.026672, -137.696869, -235.386475
-158.164536, -238.428513, -151.467453, -237.897461
-157.905167, -238.398117, -158.421280, -235.449203
-170.923508, -313.794098, -165.312836, -313.169891
-164.542648, -313.169891, -161.706253, -312.823090
-164.880905, -303.722961, -162.738663, -303.633423
-164.436722, -303.905212, -164.347153, -305.869354
-171.614273, -312.015472, -161.295059, -311.259857
-175.140381, -311.952484, -171.684509, -312.204346
-176.338593, -317.687622, -175.445374, -329.364685
-227.357056, -347.370697, -226.762360, -354.116211
-187.243790, -335.356598, -185.656174, -354.513397
-179.499664, -353.129547, -178.705338, -364.839569
-180.889725, -332.973633, -180.691147, -338.924805
-180.690628, -339.328186, -180.493088, -340.712036
-180.490494, -340.718262, -179.998184, -341.407074
-179.992996, -341.610840, -179.304199, -342.003845
-178.305069, -341.907684, -178.112701, -342.004883
-177.811203, -342.704071, -177.712952, -343.293579
-177.710358, -343.696960, -177.317352, -344.187195
-177.113068, -344.388885, -176.226715, -344.289612
-175.623703, -344.289612, -174.538773, -344.190308
-174.134354, -344.289612, -173.645172, -344.289612
-176.249207, -344.288239, -175.652832, -344.288239
-174.438278, -344.288239, -172.634613, -344.087036
-134.632721, -333.694916, -132.310974, -333.522400
-132.132233, -333.869507, -131.533600, -334.296661
-131.441635, -334.386017, -130.930298, -334.556458
-130.751038, -334.643768, -129.636932, -334.557495
-129.457672, -334.470215, -129.205109, -334.386017
-134.549576, -333.784271, -134.378098, -335.503235
-134.292877, -336.372070, -134.376022, -336.538361
-134.466949, -336.628784, -135.064545, -336.799225
-135.157547, -336.800262, -136.702957, -336.972778
-135.279709, -347.388885, -134.034851, -356.913788
-178.510391, -341.807343, -179.644867, -341.807343
-179.652344, -341.807343, -179.893188, -341.807343
-178.108521, -342.009125, -177.912048, -342.499268
-134.377045, -335.509552, -134.291840, -336.193329
-136.706589, -336.975983, -136.706589, -337.573486
-145.576309, -205.033081, -146.332672, -205.566483
-138.505295, -232.949051, -138.129242, -232.995926
-132.305740, -333.525604, -132.136429, -333.864227
-158.307297, -148.378891, -158.013733, -151.199539
-147.485992, -137.357697, -146.967712, -137.772324
-146.684784, -138.230606, -146.513321, -138.503769
-127.704666, -233.157089, -127.586960, -233.627914
-127.385162, -233.950607, -127.072250, -234.185043
-126.431038, -234.346375, -125.563446, -234.464584
-147.532181, -236.243149, -147.403961, -237.442032
-185.035126, -292.897797, -184.789490, -297.488800
-184.514999, -298.199890, -183.220276, -298.085052
-183.216858, -298.082123, -183.255142, -297.398926
-195.587143, -345.381714, -193.298813, -345.260895
-199.996307, -345.683685, -197.647568, -345.502502
-204.345062, -345.985687, -201.815125, -345.804504
-201.747879, -346.529297, -200.667526, -346.408478
-176.359482, -350.281555, -172.130310, -349.935760
-179.828186, -352.006226, -179.900787, -351.300781
-179.678574, -350.854431, -179.339111, -350.490448
-178.843201, -350.316803, -178.359497, -350.267731
-177.887146, -350.367798, -177.598679, -350.535583
-156.281326, -347.820465, -152.466095, -347.220306
-145.715744, -334.209625, -139.511108, -333.470947
-133.377045, -368.466675, -134.018997, -360.114441
-181.042007, -332.776215, -174.329559, -332.131165
-174.219131, -332.181976, -174.486923, -329.392609
-191.246460, -315.395844, -191.669754, -310.310364
-165.767136, -238.920334, -158.220200, -238.454041
-127.694092, -233.147522, -127.762764, -232.689041
-127.693115, -232.079544, -127.647659, -231.830017
-127.584465, -233.633865, -127.389313, -233.945724
-179.334137, -350.487488, -178.849548, -350.317780
-178.353058, -350.268738, -177.917526, -350.340332
-146.963760, -137.777298, -146.687759, -138.224655
-127.066536, -234.188004, -126.437485, -234.344879
-201.811203, -345.807526, -201.751801, -346.526276
-179.899765, -351.294830, -179.682037, -350.859406
-127.762794, -232.682587, -127.694061, -232.085999
-158.388489, -151.949936, -158.326019, -152.514023
-158.323181, -152.519226, -157.947433, -152.769089
-157.944595, -152.774292, -157.882141, -153.338364
-147.385391, -237.463852, -147.313934, -237.636475
-201.998688, -315.633057, -193.398163, -315.095093
-152.874634, -372.357086, -149.835007, -371.911438
-102.677414, -344.078796, -102.102371, -353.281372
-101.756592, -356.394867, -101.066444, -364.101105
-101.523544, -356.392029, -100.723969, -356.276917
-137.075012, -345.414917, -136.550827, -345.414917
-136.102814, -345.593750, -135.753677, -345.855377
-135.663788, -346.213959, -135.838821, -346.827576
-136.633148, -347.626617, -135.311813, -347.449677
-191.575821, -365.329865, -191.370773, -368.605072
-176.563721, -317.104370, -176.501678, -317.854584
-144.799515, -237.756775, -144.490524, -237.570801
-144.422379, -237.504089, -144.175385, -237.257095
-125.513649, -234.467438, -124.294540, -234.560745
-95.650436, -174.533356, -94.857857, -183.250351
-106.762520, -107.287804, -106.656670, -110.563164
-106.231590, -111.733253, -106.023193, -112.045616
-147.310074, -237.641266, -147.151443, -237.771133
-193.394852, -315.092163, -193.394852, -314.380676
-136.544586, -345.415894, -136.108017, -345.590912
-135.750336, -345.860199, -135.663818, -346.208191
-106.655693, -110.569168, -106.234222, -111.727722
-139.130585, -118.644135, -137.117615, -118.015190
-137.112305, -118.013199, -135.730057, -117.447777
-226.746506, -354.893341, -217.459595, -354.141693
-226.749161, -354.189911, -226.681717, -354.867920
-160.468964, -295.584106, -160.346695, -297.698120
71.204033, -39.234459, 71.065430, -36.737354
-10.845181, -61.739433, -10.315363, -70.216942
-3.550025, -63.720699, -3.455307, -65.425201
-70.613785, -121.408119, -69.907333, -121.338608
-69.901382, -121.338150, -67.466301, -121.098869
-59.663960, -120.217812, -56.203064, -119.862099
4.765598, -97.136063, 4.707926, -96.366867
-157.928635, -158.222397, -157.792068, -158.950134
-157.789078, -158.953552, -157.336166, -159.089264
-157.745422, -153.779800, -156.921783, -162.934692
-155.446579, -137.326645, -150.512421, -136.816452
-127.651764, -231.830048, -127.518768, -231.542358
-147.133224, -237.816940, -147.008820, -237.879150
-146.990311, -237.892960, -145.817459, -237.777237
-160.359482, -297.630371, -160.238052, -299.851440
-179.639542, -304.689178, -179.563110, -304.944489
-179.562683, -304.975677, -179.587875, -305.257019
-179.825272, -305.415009, -180.080582, -305.338562
-181.982666, -311.668152, -181.829819, -311.847046
-181.830673, -312.110046, -182.059952, -312.212524
-193.245728, -345.356293, -193.174454, -347.418304
-183.193512, -393.374847, -173.850403, -392.714905
-178.713058, -364.888763, -178.404160, -371.463470
-157.256836, -348.061340, -157.328415, -348.454590
-157.328842, -348.459717, -157.328842, -348.889160
-160.875748, -348.567505, -160.662735, -348.745148
-160.623520, -348.749420, -160.516586, -349.034027
-102.265778, -341.777191, -102.669952, -342.181793
-102.670166, -342.186066, -102.367569, -342.588959
-135.275208, -359.953125, -134.056351, -359.983734
-231.785767, -348.016327, -227.368134, -347.676056
-127.515701, -231.537582, -127.384468, -231.406784
-160.515732, -349.039246, -160.515732, -349.287506
-157.333160, -159.092773, -157.165985, -160.221893
-157.165100, -160.227203, -157.150818, -160.324265
-179.590515, -305.261353, -179.820496, -305.414093
-181.828110, -311.851410, -181.828110, -312.106537
-142.915451, -181.226547, -142.741425, -181.417511
-142.721420, -181.457123, -142.652130, -181.629623
-151.001358, -236.612564, -147.541183, -236.251022
-160.596069, -292.688263, -160.471710, -295.577148
-188.421707, -334.116577, -188.359772, -334.043152
-188.160980, -334.041626, -188.048584, -334.092102
-187.953781, -334.160156, -187.878845, -334.259552
-187.877319, -334.264130, -187.877319, -334.337555
-177.190857, -350.402100, -177.232010, -350.795654
-177.232010, -350.800232, -177.211807, -350.921356
-185.658051, -354.549988, -185.543671, -356.114044
-157.220810, -348.060089, -157.249893, -348.264465
-157.249893, -348.657135, -157.190948, -348.921204
-166.024994, -343.326996, -166.009872, -343.013977
-166.071121, -342.585938, -166.145218, -342.348541
-140.137726, -337.730652, -140.288147, -336.072174
-179.654480, -341.807343, -179.891052, -341.807343
71.244682, -39.341373, 70.700188, -29.090773
71.195473, -28.932755, 70.947647, -22.052563
70.600693, -22.043240, 70.452003, -15.757871
70.441071, -16.145613, 70.285759, -5.024590
76.807709, -4.758185, 80.427032, -4.645952
80.459183, -4.697679, 80.403610, -3.553367
80.410477, -3.604869, 82.845734, -3.492934
70.434280, -4.925305, 72.775337, -4.844567
71.839729, -44.064838, 71.989532, -43.365147
71.993576, -43.358364, 72.593933, -42.807938
14.663915, -12.342770, 16.172640, -12.269528
14.307153, -5.737620, 14.453926, -8.217803
14.295929, -5.630708, 15.230564, -5.586920
13.824903, 1.684843, 14.921456, 1.743351
14.924910, 1.747236, 14.895963, 2.196138
14.899385, 2.200356, 15.098120, 2.228759
14.457942, -8.221403, 15.524951, -8.192178
15.101645, 2.233077, 15.072491, 3.035145
15.070807, 3.121184, 15.060923, 3.909768
15.057282, 3.913368, 14.577078, 3.913368
14.559916, 4.251540, 13.721604, 4.241665
17.195702, 5.786716, 17.566017, 5.789320
17.189932, 5.793076, 17.145735, 7.399194
17.148634, 7.409625, 17.416824, 7.421786
17.335478, 8.961317, 17.079802, 8.961317
17.022148, 10.607834, 17.296345, 10.617978
17.308561, 10.608314, 17.269779, 12.183805
17.080563, 8.965022, 17.018715, 10.604092
14.573366, 3.917068, 14.563628, 4.247876
17.420183, 7.425655, 17.339260, 8.957613
17.573870, 5.787298, 17.689678, 4.134711
17.158772, 3.850707, 17.150591, 4.090079
17.156744, 4.092412, 17.686190, 4.128534
16.771170, 12.177798, 16.771170, 14.021491
16.779181, 14.041107, 17.145889, 14.052962
17.149361, 14.056563, 17.137306, 15.696836
17.266270, 12.182014, 16.774740, 12.174360
17.423487, 15.761122, 27.563969, 16.013586
17.142790, 20.561020, 27.549934, 20.855623
27.556583, 16.005167, 27.588179, 15.207605
28.018417, 15.216722, 28.026251, 14.809416
28.029688, 14.806077, 28.707829, 14.821871
27.545736, 21.634390, 27.545736, 20.866749
27.588821, 21.637957, 27.939486, 21.657423
31.475420, 14.852807, 31.475420, 14.514781
32.044804, 16.135963, 32.052826, 15.437019
34.680794, 21.663263, 36.515888, 21.672956
36.519260, 21.669485, 36.519260, 21.094696
27.591780, 15.204332, 28.014881, 15.219995
32.030758, 16.151373, 42.831219, 16.451372
42.582203, 21.081861, 42.061920, 46.060925
46.493984, 25.499849, 46.531143, 24.384089
46.942146, 13.648060, 46.973499, 12.706523
47.008503, 13.651425, 48.518982, 13.682901
32.406528, 21.050215, 36.515888, 21.109739
36.522633, 21.109869, 42.576477, 21.197573
42.583221, 21.197702, 42.719055, 21.199640
36.599934, 15.638611, 35.009647, 15.611207
36.616993, 16.254881, 36.630512, 15.628110
27.976601, 22.019369, 27.976601, 21.637623
27.979774, 22.084700, 28.765137, 22.100101
32.378368, 21.723934, 32.414440, 21.088678
32.375072, 21.763424, 31.994038, 21.763424
31.975584, 22.211092, 31.279800, 22.163157
46.363361, 28.796017, 47.872726, 28.819578
47.876022, 28.816465, 48.017876, 25.601927
31.990801, 21.766697, 31.978819, 22.208162
48.014725, 25.598564, 46.481777, 25.504204
42.233036, 48.619717, 42.122456, 53.378685
42.062862, 46.503227, 40.907326, 46.466583
42.065937, 46.481831, 42.065937, 45.879478
40.938152, 48.630131, 42.223202, 48.642914
40.922852, 46.470230, 40.941132, 48.620804
46.192505, 44.383804, 50.005898, 47.911407
45.790070, 52.541027, 46.530418, 51.800678
45.790653, 52.560699, 48.920544, 55.767277
42.112034, 54.780540, 43.252773, 54.800533
46.203529, 44.335079, 46.381935, 28.799173
42.125214, 53.255318, 42.125561, 53.186024
42.118198, 54.777821, 42.125214, 53.261070
43.299084, 59.747047, 39.634449, 59.732250
43.266808, 59.724136, 43.277431, 54.779762
46.028461, 60.743824, 46.070950, 58.104366
46.026505, 60.705868, 42.567730, 64.026764
42.570732, 65.332695, 42.585522, 64.036728
42.429192, 70.848648, 43.477665, 70.885406
39.687111, 66.057297, 39.731155, 59.735428
42.597965, 64.074966, 42.574619, 64.999954
42.574406, 65.005508, 42.426620, 70.845871
49.712757, 56.508835, 48.908714, 55.759361
49.730316, 56.508934, 50.452011, 55.896179
50.452209, 55.892609, 49.182449, 54.499821
47.815304, 54.642399, 47.247246, 55.139549
43.492313, 70.843773, 43.623558, 64.763138
43.668800, 64.712364, 47.007427, 61.252056
47.889572, 73.482399, 45.926701, 75.312881
39.519882, 66.502289, 39.699940, 66.492393
39.702419, 66.489616, 39.682041, 66.000862
39.527588, 66.515366, 39.362953, 75.287422
47.009315, 61.247494, 47.212078, 55.190792
49.148151, 54.339195, 52.506176, 51.183491
52.509800, 51.203743, 53.903484, 52.557117
46.579311, 24.316780, 49.535385, 24.498711
-188.355469, -334.040863, -188.178940, -334.027863
-166.010269, -343.009308, -166.069977, -342.590515
14.661166, -12.346707, 14.764573, -15.927038
14.764721, -15.932240, 14.777860, -16.387117
53.896442, 52.546619, 54.693367, 51.689857
-188.044312, -334.094452, -187.957291, -334.156281
-157.250275, -348.269135, -157.250275, -348.652466
83.450150, -4.655080, 138.618652, -1.896650
148.778397, 33.847202, 149.005554, 30.669912
149.007156, 30.668510, 155.932388, 31.122662
136.057343, 46.681839, 136.398087, 38.166248
136.095352, 46.640682, 146.795273, 46.953068
105.546875, 45.545387, 105.546875, 43.360863
127.540359, 37.710499, 135.942154, 38.164703
156.020981, 31.085627, 156.163712, 27.948189
96.009109, 27.820526, 98.443947, 27.977629
97.660187, 6.121426, 99.072968, 6.199902
131.073807, 7.693862, 132.800888, 7.850885
127.413712, 37.587200, 126.896622, 47.412804
83.250404, 84.515717, 83.504463, 77.403709
83.589943, 77.318230, 87.568581, 77.318230
54.705799, 51.587574, 50.733555, 47.615330
-197.825577, -187.801712, -197.836563, -187.711441
105.606689, 43.528572, 105.547768, 43.524700
105.545982, 43.524563, 96.631599, 42.935894
96.116241, 42.921055, 97.326485, 43.031097
-198.657562, -181.006454, -198.664505, -180.949448
11.506012, 11.338184, 12.429609, 11.392514
12.430812, 12.045349, 12.701610, 12.045349
-198.626328, -181.261703, -198.634338, -181.195816
12.702190, 12.046050, 12.647829, 13.839949
-197.809280, -187.934814, -197.824783, -187.807617
12.430210, 11.393250, 12.430210, 12.044648
-197.726807, -188.608444, -197.734131, -188.548187
95.886559, 42.855007, 95.477959, 48.439247
83.566071, 57.828457, 89.683800, 58.210800
83.565536, 57.637707, 83.183197, 62.416962
149.807968, 24.357973, 150.315231, 14.150180
112.648811, 6.669755, 115.170288, 6.845671
-197.781708, -188.160034, -197.802567, -187.989059
98.802719, -1.220796, 108.773727, -0.778532
109.309731, 45.976585, 110.577988, 44.542896
112.398369, 44.211929, 114.107796, 45.314789
157.155914, 30.879623, 157.283646, 28.405233
110.578423, 44.542686, 112.397903, 44.211880
-198.537781, -181.984909, -198.543884, -181.934647
157.779480, 12.262733, 157.920975, 9.185340
158.522339, 12.085859, 158.628464, 9.362212
149.501816, 7.911652, 149.643311, 4.374389
-198.510284, -182.209473, -198.519272, -182.135696
-197.673325, -189.045654, -197.683334, -188.963516
149.503433, 7.876515, 153.675903, 8.230116
-198.698395, -180.672638, -198.706070, -180.609558
