0, 6.51341, 59.7745, 3, 1, 5, 7
1, 7.30408, 57.9057, 3, 0, 4, 14
2, 4.10845, 62.9998, 3, 3, 7, 39
3, 1.60838, 63.1182, 3, 2, 15, 39
4, 11.4146, 57.7989, 3, 1, 6, 32
5, 7.10934, 61.1511, 2, 0, 6
6, 11.275, 60.9645, 2, 4, 5
7, 3.62758, 59.8454, 3, 0, 2, 8
8, 3.56541, 45.5453, 3, 7, 9, 10
9, 3.50324, 42.0636, 3, 8, 15, 38
10, 7.39593, 45.7237, 2, 8, 11
11, 7.42015, 49.7896, 2, 10, 13
12, 7.3873, 53.1521, 2, 14, 13
13, 7.3873, 52.0572, 2, 11, 12
14, 7.35902, 56.9051, 2, 1, 12
15, 1.68964, 42.0403, 2, 3, 9
16, 12.0074, 55.1999, 2, 17, 32
17, 12.0074, 45.8749, 1, 16
18, 2.71222, 39.5855, 4, 19, 20, 21, 27
19, 2.82277, 29.9681, 3, 18, 23, 24
20, 9.8608, 39.6223, 4, 18, 23, 22, 27
21, 4.99682, 35.569, 5, 18, 22, 24, 26, 27
22, 8.20262, 35.6427, 5, 20, 21, 25, 26, 27
23, 10.3398, 30.226, 4, 19, 20, 25, 35
24, 5.03367, 32.4001, 4, 19, 21, 25, 26
25, 8.23947, 32.4001, 4, 22, 23, 24, 26
26, 6.61814, 34.1319, 4, 21, 22, 24, 25
27, 6.47075, 37.7431, 4, 18, 20, 21, 22
28, 14.5501, 56.2103, 3, 31, 32, 33
29, 16.3759, 34.8408, 2, 30, 31
30, 16.4588, 29.903, 2, 29, 35
31, 14.4754, 35.5668, 2, 28, 29
32, 11.8103, 56.3473, 3, 4, 16, 28
33, 14.3654, 64.6124, 2, 28, 34
34, 11.5254, 64.213, 1, 33
35, 13.0342, 30.1335, 3, 23, 30, 36
36, 13.3891, 40.3396, 2, 35, 37
37, 9.75361, 40.4737, 2, 36, 38
38, 5.88752, 40.8935, 2, 9, 37
39, 2.27109, 68.9671, 3, 3, 2, 40
40, 4.45611, 72.218, 1, 39
