0.211983,-0.712601,0.505678,-0.460293
0.50568,-0.46029,0.55346,-0.3329
0.55346,-0.3329,0.61627,-0.21662
0.61627,-0.21662,0.67907,-0.10035
0.67907,-0.10035,0.76045,0.034734
0.76045,0.034734,0.819,0.23322
0.819,0.23322,0.85566,0.34559
0.85566,0.34559,0.89942,0.51781
0.89942,0.51781,0.97713,0.64166
0.97713,0.64166,1.0249,0.76905
1.0249,0.76905,1.0383,1.0196
1.0383,1.0196,1.0662,1.3337
1.0662,1.3337,1.1026,1.4835
1.1026,1.4835,1.0903,1.6554
1.0903,1.6554,1.0627,1.8757
1.0627,1.8757,1.0766,2.0515
1.0766,2.0515,1.0643,2.2234
1.0643,2.2234,1.0888,2.4889
1.0888,2.4889,1.09,2.8739
1.09,2.8739,1.1673,3.0725
1.1673,3.0725,1.241,3.2412
1.241,3.2412,1.3556,3.44
1.3556,3.44,1.4147,3.5451
1.4147,3.5451,1.4966,3.6054
1.4966,3.6054,1.5337,3.643
1.5337,3.643,1.6157,3.6847
1.6157,3.6847,1.7425,3.7303
1.7425,3.7303,1.7945,3.7755
1.7945,3.7755,1.9102,3.8061
1.9102,3.8061,2.0111,3.8105
2.0111,3.8105,2.1118,3.8523
2.1118,3.8523,2.2089,3.8641
2.2089,3.8641,2.2685,3.8944
2.2685,3.8944,2.3558,3.9398
2.3558,3.9398,2.4574,3.9914
2.4574,3.9914,2.5506,4.0387
2.5506,4.0387,2.6352,4.0818
2.6352,4.0818,2.7157,4.112
2.7157,4.112,2.8258,4.1679
2.8258,4.1679,2.8976,4.2363
2.8976,4.2363,2.9266,4.347
2.9266,4.347,3.0365,4.4454
3.0365,4.4454,3.0659,4.4923
3.0659,4.4923,3.0737,4.6028
3.0737,4.6028,3.086,4.6623
3.086,4.6623,3.1194,4.7645
3.1194,4.7645,3.1143,4.9004
3.1143,4.9004,3.1516,5.0365
3.1516,5.0365,3.1764,5.1556
3.1764,5.1556,3.1843,5.2449
3.1843,5.2449,3.209,5.3639
3.209,5.3639,3.2553,5.4407
3.2553,5.4407,3.2626,5.6149
3.2626,5.6149,3.2958,5.7383
3.2958,5.7383,3.3157,5.9508
3.3157,5.9508,3.357,6.1422
3.357,6.1422,3.3556,6.3546
3.3556,6.3546,3.3461,6.5202
3.3461,6.5202,3.3751,6.6308
3.3751,6.6308,3.4296,6.7543
3.4296,6.7543,3.4201,6.8987
3.4201,6.8987,3.4956,7.0648
3.4956,7.0648,3.4856,7.2941
3.4856,7.2941,3.5563,7.5325
3.5563,7.5325,3.5724,7.6685
3.5724,7.6685,3.584,7.8555
3.584,7.8555,3.5363,8.0123
3.5363,8.0123,3.5184,8.1524
3.5184,8.1524,3.4868,8.4453
3.4868,8.4453,3.4309,8.5554
3.4309,8.5554,3.3745,8.7292
3.3745,8.7292,3.2928,8.89
3.2928,8.89,3.2153,9.0637
3.2153,9.0637,3.0701,9.1817
3.0701,9.1817,2.997,9.3257
2.997,9.3257,2.8816,9.4269
2.8816,9.4269,2.7703,9.5621
2.7703,9.5621,2.6553,9.6208
2.6553,9.6208,2.5144,9.7304
2.5144,9.7304,2.4032,9.8444
2.4032,9.8444,2.2413,9.9325
2.2413,9.9325,2.0835,10.033
2.0835,10.033,1.8617,10.176
1.8617,10.176,1.7041,10.235
1.7041,10.235,1.6061,10.281
1.6061,10.281,1.4614,10.335
1.4614,10.335,1.304,10.373
1.304,10.373,1.1634,10.44
1.1634,10.44,1.0655,10.465
1.0655,10.465,0.87856,10.476
0.87856,10.476,0.72533,10.526
0.72533,10.526,0.5811,10.495
0.5811,10.495,0.38136,10.511
0.38136,10.511,0.18592,10.518
0.18592,10.518,-0.00091565,10.509
-0.00091565,10.509,-0.20912,10.52
-0.20912,10.52,-0.29797,10.464
-0.29797,10.464,-0.44623,10.4
-0.44623,10.4,-0.60725,10.339
-0.60725,10.339,-0.81049,10.236
-0.81049,10.236,-0.90767,10.155
-0.90767,10.155,-1.1698,9.9576
-1.1698,9.9576,-1.3686,9.8247
-1.3686,9.8247,-1.5248,9.6707
-1.5248,9.6707,-1.5796,9.6109
-1.5796,9.6109,-1.6257,9.5129
-1.6257,9.5129,-1.6975,9.4445
-1.6975,9.4445,-1.7942,9.2995
-1.7942,9.2995,-1.9039,9.1799
-1.9039,9.1799,-1.9459,9.0946
-1.9459,9.0946,-2.0342,8.9539
-2.0342,8.9539,-2.0844,8.8431
-2.0844,8.8431,-2.1137,8.775
-2.1137,8.775,-2.1469,8.6516
-2.1469,8.6516,-2.2539,8.1072
-2.2539,8.1072,-2.3679,7.3249
-2.3679,7.3249,-2.4622,6.7976
-2.4622,6.7976,-2.5188,6.3428
-2.5188,6.3428,-2.6584,4.9189
-2.6584,4.9189,-2.8473,3.8855
-2.8473,3.8855,-3.0558,2.2008
-3.0558,2.2008,-3.1228,1.3556
-3.1228,1.3556,-3.1338,0.8053
-3.1338,0.8053,-3.1508,0.43352
-3.1508,0.43352,-3.106,0.22625
-3.106,0.22625,-2.9879,-0.12537
-2.9879,-0.12537,-2.9293,-0.24084
-2.9293,-0.24084,-2.8559,-0.38518
-2.8559,-0.38518,-2.7924,-0.51027
-2.7924,-0.51027,-2.7241,-0.62086
-2.7241,-0.62086,-2.6459,-0.77482
-2.6459,-0.77482,-2.4809,-0.90893
-2.4809,-0.90893,-2.2579,-1.062
-2.2579,-1.062,-2.1272,-1.1287
-2.1272,-1.1287,-1.9867,-1.2147
-1.9867,-1.2147,-1.7692,-1.2616
-1.7692,-1.2616,-1.6338,-1.2897
-1.6338,-1.2897,-1.4501,-1.3416
-1.4501,-1.3416,-1.3344,-1.3071
-1.3344,-1.3071,-1.1363,-1.3396
-1.1363,-1.3396,-0.96297,-1.2758
-0.96297,-1.2758,-0.62083,-1.1867
-0.62083,-1.1867,-0.29793,-1.1074
-0.29793,-1.1074,-0.10547,-1.0097
-0.10547,-1.0097,0.096605,-0.90704
0.096605,-0.90704,0.24018,-0.71305
0.24018,-0.71305,0.36986,-0.61086
-0.247431,1.58146,-0.200851,1.84723
-0.20085,1.8472,-0.2505,2.0641
-0.2505,2.0641,-0.27082,2.2233
-0.27082,2.2233,-0.29602,2.3921
-0.29602,2.3921,-0.30168,2.5224
-0.30168,2.5224,-0.35117,2.7151
-0.35117,2.7151,-0.35775,2.9902
-0.35775,2.9902,-0.40235,3.1733
-0.40235,3.1733,-0.42786,3.3904
-0.42786,3.3904,-0.46789,3.6122
-0.46789,3.6122,-0.54167,3.8289
-0.54167,3.8289,-0.50975,4.1236
-0.50975,4.1236,-0.55924,4.3163
-0.55924,4.3163,-0.58445,4.4851
-0.58445,4.4851,-0.52779,4.6834
-0.52779,4.6834,-0.49526,4.8815
-0.49526,4.8815,-0.37597,5.0994
-0.37597,5.0994,-0.18428,5.3179
-0.18428,5.3179,0.076144,5.3533
0.076144,5.3533,0.25882,5.4703
0.25882,5.4703,0.4609,5.573
0.4609,5.573,0.62938,5.6464
0.62938,5.6464,0.84169,5.6574
0.84169,5.6574,1.0337,5.8276
1.0337,5.8276,1.3025,6.061
1.3025,6.061,1.4227,6.1342
1.4227,6.1342,1.595,6.367
1.595,6.367,1.7331,6.6671
1.7331,6.6671,1.8233,6.8945
1.8233,6.8945,1.8125,7.0827
1.8125,7.0827,1.8255,7.3193
1.8255,7.3193,1.8145,7.5316
1.8145,7.5316,1.6773,7.8493
1.6773,7.8493,1.5701,8.0128
1.5701,8.0128,1.4245,8.1325
1.4245,8.1325,1.2498,8.2859
1.2498,8.2859,1.0125,8.3954
1.0125,8.3954,0.81444,8.4279
0.81444,8.4279,0.61633,8.4604
0.61633,8.4604,0.42326,8.4592
0.42326,8.4592,0.24027,8.3905
0.24027,8.3905,0.023531,8.3167
0.023531,8.3167,-0.13944,8.1371
-0.13944,8.1371,-0.26912,8.0349
-0.26912,8.0349,-0.3936,7.8748
-0.3936,7.8748,-0.56131,7.6807
-0.56131,7.6807,-0.54588,7.5311
-0.54588,7.5311,-0.61278,7.4245
-0.61278,7.4245,-0.70824,7.255
-0.70824,7.255,-0.75085,7.1244
-0.75085,7.1244,-0.72975,6.0819
-0.72975,6.0819,-0.77265,5.2369
-0.77265,5.2369,-0.83756,4.8166
-0.83756,4.8166,-0.90353,4.5651
-0.90353,4.5651,-0.955,4.309
-0.955,4.309,-1.0928,3.9606
-1.0928,3.9606,-1.1581,3.6126
-1.1581,3.6126,-1.2284,3.2743
-1.2284,3.2743,-1.3067,2.6897
-1.3067,2.6897,-1.3061,2.5932
-1.3061,2.5932,-1.1233,2.6861
-1.1233,2.6861,-1.2659,2.3473
-1.2659,2.3473,-1.4278,1.9987
-1.4278,1.9987,-1.4743,1.7088
-1.4743,1.7088,-1.4819,1.3902
-1.4819,1.3902,-1.3695,1.1689
-1.3695,1.1689,-1.2766,0.98604
-1.2766,0.98604,-1.0684,0.886
-1.0684,0.886,-0.86542,0.84384
-0.86542,0.84384,-0.6919,0.88356
-0.6919,0.88356,-0.5138,0.96192
-0.5138,0.96192,-0.3551,1.0546
-0.3551,1.0546,-0.2934,1.2191
-0.2934,1.2191,-0.21749,1.4272
-0.21749,1.4272,-0.22834,1.6154
